9.396999170725331973e-01
9.353225901563665401e-01
9.311002582218536050e-01
9.269844341299298129e-01
9.229720531682825690e-01
9.190601428688713881e-01
9.152592118661753151e-01
9.115931418546783238e-01
9.080574807129531134e-01
9.046485589129801275e-01
9.013579231981315720e-01
8.981846701261234633e-01
8.951223167061935770e-01
8.921661597353908180e-01
8.893121392936089720e-01
8.865586155699654025e-01
8.838977693373478717e-01
8.813297087032997412e-01
8.788514256522743651e-01
8.764563929612276816e-01
8.741384484592354953e-01
8.718960454311834862e-01
8.697257766651944610e-01
8.676255290072869553e-01
8.655920653902264839e-01
8.636235210446012722e-01
8.617178862765649816e-01
8.598720573356021246e-01
8.580845769626946895e-01
8.563537407717524141e-01
8.546747438982366107e-01
8.530409007912335140e-01
8.514557996313476540e-01
8.499174325577641964e-01
8.484264227516010726e-01
8.469750086475104078e-01
8.455638990657846632e-01
8.441971787793812743e-01
8.428698335938560326e-01
8.415762007314775417e-01
8.403258339484157569e-01
8.391072288714255256e-01
8.379240866077281025e-01
8.367790113166873045e-01
8.356574508397280887e-01
8.345757308791427187e-01
8.335112166143920920e-01
8.324848505429237600e-01
8.314756357325733260e-01
8.305025960412167896e-01
8.295445091168676122e-01
8.286239125617540502e-01
8.277134497104109423e-01
8.268379043131032224e-01
8.259772156034537183e-01
8.251428986884733474e-01
8.243324694119074092e-01
8.235356849439275928e-01
8.227700655123635354e-01
8.220134780503393079e-01
8.212804261238237924e-01
8.205751213761279805e-01
8.198714679760059632e-01
8.191950234705923650e-01
8.185428743908190752e-01
8.178912064504207935e-01
8.172648623197761308e-01
8.166629545947198254e-01
8.160605894802879234e-01
8.154772332667393764e-01
8.149153382956151326e-01
8.143624154337585352e-01
8.138141335882517202e-01
8.132859966728482881e-01
8.127772400586319446e-01
8.122699247017370894e-01
8.117709587539539973e-01
8.112902759580810086e-01
8.108271972136688044e-01
8.103679247720645407e-01
8.099110653285195305e-01
8.094709369548040989e-01
8.090469108934215114e-01
8.086383739587600372e-01
8.082205706767319198e-01
8.078145598348843714e-01
8.074233685530752824e-01
8.070464336394238547e-01
8.066832153937457672e-01
8.063116846595490550e-01
8.059474659018849296e-01
8.055965076216679011e-01
8.052583184208510492e-01
8.049324168318512385e-01
8.046183395989912057e-01
8.042899246132555469e-01
8.039713137938133691e-01
8.036642550686965425e-01
8.033683124264789921e-01
8.030830664354521309e-01
8.028081094793839689e-01
8.025381639275103174e-01
8.022549270756373918e-01
8.019819211942345039e-01
8.017187819386140113e-01
8.014651381671265007e-01
8.012206273464798079e-01
8.009848977804314707e-01
8.007576244007330590e-01
8.005321462074460603e-01
8.002930452452923227e-01
8.000625277358212051e-01
7.998402705057127138e-01
7.996259698547830697e-01
7.994193176361458208e-01
7.992200367984176879e-01
7.990278668119054073e-01
7.988425359511495127e-01
7.986637851520251852e-01
7.984751400173101255e-01
7.982813130035881777e-01
7.980943970539948751e-01
7.979141254365907932e-01
7.977402478358013305e-01
7.975725211686576221e-01
7.974107100813996318e-01
7.972545935447306054e-01
7.971039488113771387e-01
7.969585977538987676e-01
7.968183430001611889e-01
7.966829848437003703e-01
7.965445558389411262e-01
7.963905481927150420e-01
7.962419745964198770e-01
7.960986328543441237e-01
7.959603147328504491e-01
7.958267780041542450e-01
7.956976359993792602e-01
7.955727083314420023e-01
7.954518488269927134e-01
7.953349104450695428e-01
7.952217739075377878e-01
7.951123084048169476e-01
7.950063824888461417e-01
7.949038670331468603e-01
7.948046422753146656e-01
7.947085942968811212e-01
7.946156039700628115e-01
7.945064093001250605e-01
7.943915935670523565e-01
7.942805182789522966e-01
7.941730532600898007e-01
7.940690689001707048e-01
7.939684321190199068e-01
7.938710283776686527e-01
7.937767633940808754e-01
7.936855223753596089e-01
7.935971999662000398e-01
7.935116943487029451e-01
7.934289037779199694e-01
7.933487335612224856e-01
7.932710922510944895e-01
7.931958875152594901e-01
7.931230316948779668e-01
7.930524405387121556e-01
7.929840313167643151e-01
7.929177251756814870e-01
7.928534472521446830e-01
7.927911246843556414e-01
7.927306863528553738e-01
7.926720737148837959e-01
7.926152358032449996e-01
7.925479845761030928e-01
7.924665459840507520e-01
7.923877208229129776e-01
7.923114181414477875e-01
7.922375511054258190e-01
7.921660415210522999e-01
7.920968028254939952e-01
7.920297480503184495e-01
7.919648051629762930e-01
7.919018959865244955e-01
7.918409425004756530e-01
7.917818818241827428e-01
7.917246443642703690e-01
7.916691608777004507e-01
7.916153744014426952e-01
7.915632238855928593e-01
7.915126544944197651e-01
7.914636252855236087e-01
7.914160826910033864e-01
7.913699721389689801e-01
7.913252436933068124e-01
7.912818521494597857e-01
7.912397493810088278e-01
7.911988891858006134e-01
7.911592266957269137e-01
7.911207212586687243e-01
7.910833308242596340e-01
7.910470143692808209e-01
7.910117383761650078e-01
7.909774604798245345e-01
7.909441407204114149e-01
7.909117482963521351e-01
7.908802534852428234e-01
7.908496245377796274e-01
7.908198304812685819e-01
7.907908433720944874e-01
7.907626352669865355e-01
7.907351795130038719e-01
7.907084600838223398e-01
7.906824530981351185e-01
7.906571347900009927e-01
7.906324803261357559e-01
7.906084704896731985e-01
7.905850869634126754e-01
7.905402185712808727e-01
7.904903489676939898e-01
7.904420572157343505e-01
7.903952893265177027e-01
7.903499904321577008e-01
7.903061102061917920e-01
7.902635992596439563e-01
7.902224059048301719e-01
7.901824824972324413e-01
7.901437864228774144e-01
7.901062767257579500e-01
7.900699129987932556e-01
7.900346565432951884e-01
7.900004699690748033e-01
7.899673130612856475e-01
7.899351532155187705e-01
7.899039572728473457e-01
7.898736902868762622e-01
7.898443220444412161e-01
7.898158350359634206e-01
7.897882018908467527e-01
7.897613882306422362e-01
7.897353676524515587e-01
7.897101187430675129e-01
7.896856122421361812e-01
7.896618216349012842e-01
7.896387238870323788e-01
7.896162939925797097e-01
7.895945099392005506e-01
7.895733519562334601e-01
7.895527977830398836e-01
7.895328259576543939e-01
7.895134220025977756e-01
7.894945704017074517e-01
7.894762495999649854e-01
7.894584462699947291e-01
7.894411488204713390e-01
7.894243364173912925e-01
7.894079900714657816e-01
7.893920961277586246e-01
7.893766392126012610e-01
7.893615998388153754e-01
7.893469673971120759e-01
7.893327317516143360e-01
7.893188748625814544e-01
7.893053850473158439e-01
7.892922556992203464e-01
7.892794753865287616e-01
7.892670335006395366e-01
7.892549282882762585e-01
7.892431590088400117e-01
7.892317158829798007e-01
7.892205960180328495e-01
7.892097908134371176e-01
7.891992833069705338e-01
7.891890627307301953e-01
7.891791235524239223e-01
7.891694542529199552e-01
7.891600434920512663e-01
7.891508850996852287e-01
7.891419727341817403e-01
7.891332995149633600e-01
7.891248593804863765e-01
7.891166496848281975e-01
7.891086656506967056e-01
7.891009044733007238e-01
7.890933666833339633e-01
7.890860538194114371e-01
7.890789588391398102e-01
7.890720751835182956e-01
7.890653962537352850e-01
7.890589118868976959e-01
7.890526144209217829e-01
7.890464979137917778e-01
7.890405565200470095e-01
7.890347829971213756e-01
7.890291722862363688e-01
7.890237182217789691e-01
7.890184126844848045e-01
7.890132508387118770e-01
7.890082291603415232e-01
7.890033429027299983e-01
7.889985854174392799e-01
7.889940578528027437e-01
7.889898404062575255e-01
7.889859231971200204e-01
7.889822968005971715e-01
7.889789528988717660e-01
7.889758830824635805e-01
7.889730756807917800e-01
7.889705194484752937e-01
7.889682072485537656e-01
7.889661333491243544e-01
7.889643025552300903e-01
7.889627479112152342e-01
7.889614741994301905e-01
7.889604848310067808e-01
7.889597816196531888e-01
7.889593685038571724e-01
7.889592463390793231e-01
7.889594071842821466e-01
7.889598391572554270e-01
7.889605331716558201e-01
7.889614870258335744e-01
7.889627287940097489e-01
7.889642611907714542e-01
7.889660782417708962e-01
7.889681760081420636e-01
7.889705509167369568e-01
7.889731981745053968e-01
7.889761147542421194e-01
7.889792973232839790e-01
7.889827415472789873e-01
7.889864455968528256e-01
7.889904350164410607e-01
7.889947270280339708e-01
7.889993132004544663e-01
7.890041848319701012e-01
7.890093363654070435e-01
7.890147585528423102e-01
7.890204444353565716e-01
7.890263899465080888e-01
7.890325923612055981e-01
7.890390440452894616e-01
7.890457524409301149e-01
7.890527415302680536e-01
7.890600171111548100e-01
7.890675737102630372e-01
7.890754094797818308e-01
7.890835220766783120e-01
7.890919026577959405e-01
7.891005431217228416e-01
7.891094394416925395e-01
7.891185853634478109e-01
7.891279772382013835e-01
7.891376474807624275e-01
7.891476176202641968e-01
7.891578832050900605e-01
7.891684355773039838e-01
7.891792687912934090e-01
7.891903787654593883e-01
7.892017601971299534e-01
7.892134058051687440e-01
7.892253105104269917e-01
7.892374736081835263e-01
7.892499141611566404e-01
7.892626357580931895e-01
7.892756361396213727e-01
7.892889078342417708e-01
7.893024448023595596e-01
7.893162385069096842e-01
7.893302800244190731e-01
7.893445621962208447e-01
7.893590798672486253e-01
7.893738295682543038e-01
7.893888276719276398e-01
7.894040771949520918e-01
7.894195841174425077e-01
7.894353443808755921e-01
7.894513506787619317e-01
7.894675895729226234e-01
7.894840494994874724e-01
7.895007239920069919e-01
7.895176051498252745e-01
7.895346837219062719e-01
7.895519734188322092e-01
7.895694795853440695e-01
7.895872052657755269e-01
7.896051449432531788e-01
7.896232920051760029e-01
7.896416413823051927e-01
7.896601880203776291e-01
7.896789235884567049e-01
7.896978414446871319e-01
7.897169361396877418e-01
7.897362097818718674e-01
7.897556738539910359e-01
7.897753219619073617e-01
7.897951576084174530e-01
7.898151737430810782e-01
7.898353624864639100e-01
7.898557144170361699e-01
7.898762242795647204e-01
7.898968863919455519e-01
7.899176951204508468e-01
7.899386473765193095e-01
7.899597578512087548e-01
7.899810322990290512e-01
7.900024658101337804e-01
7.900240580279868086e-01
7.900457990105871353e-01
7.900676822431130786e-01
7.900896990574987067e-01
7.901118419230521717e-01
7.901341030645164798e-01
7.901564750640835966e-01
7.901789513883937799e-01
7.902015422635185748e-01
7.902242509805276205e-01
7.902470704368205201e-01
7.902700020709606532e-01
7.902930418544460434e-01
7.903161827628901737e-01
7.903394163982921938e-01
7.903627329610107832e-01
7.903861239319422971e-01
7.904095821107833819e-01
7.904331015559410423e-01
7.904566785666626849e-01
7.904803244701196219e-01
7.905040361564604767e-01
7.905278112848932448e-01
7.905516515724061444e-01
7.905755520683486193e-01
7.906202366741768017e-01
7.906720403597093938e-01
7.907228749209108676e-01
7.907727692596201452e-01
7.908217505133503522e-01
7.908698452924504130e-01
7.909170796322356756e-01
7.909634886511379692e-01
7.910091075719128950e-01
7.910539583087763393e-01
7.910980651513953577e-01
7.911414559060122587e-01
7.911841505851328060e-01
7.912261666126393367e-01
7.912675225796043099e-01
7.913082358604287547e-01
7.913483214983376701e-01
7.913877920666922972e-01
7.914266595680733429e-01
7.914649390939660911e-01
7.915026453109983429e-01
7.915398035244940456e-01
7.915764336212264274e-01
7.916125448573094747e-01
7.916481495285322412e-01
7.916832641157264261e-01
7.917179005272152459e-01
7.917520669071747008e-01
7.917857697699504094e-01
7.918190170529282312e-01
7.918518153342851695e-01
7.918841705966551681e-01
7.919160884863427619e-01
7.919475740144835685e-01
7.919786330773624927e-01
7.920092716376159192e-01
7.920394952062095317e-01
7.920693203249660197e-01
7.920987596606948733e-01
7.921278178811087534e-01
7.921564993600110904e-01
7.921848105331760204e-01
7.922127554869586863e-01
7.922403345576886080e-01
7.922675504256121437e-01
7.922944056325483819e-01
7.923209022827460979e-01
7.923470424519665212e-01
7.923728273588478421e-01
7.923982590211552379e-01
7.924233397141251523e-01
7.924480715390411767e-01
7.924724543608401284e-01
7.924964889209217267e-01
7.925201774521950515e-01
7.925435217980513203e-01
7.925665309954844640e-01
7.925927902634243294e-01
7.926434825757403546e-01
7.926928587256180103e-01
7.927409196421097981e-01
7.927877029797071318e-01
7.928332400601425523e-01
7.928775633265050526e-01
7.929207054566388413e-01
7.929626974853999366e-01
7.930035685635459242e-01
7.930433454950098771e-01
7.930820558718363333e-01
7.931197261576576896e-01
7.931563808670968330e-01
7.931920406744499275e-01
7.932267261240206757e-01
7.932604586804768987e-01
7.932932598822346471e-01
7.933251488366647175e-01
7.933561444754942960e-01
7.933862659189141464e-01
7.934155322672644672e-01
7.934439633514149826e-01
7.934715871766451212e-01
7.934984230510863101e-01
7.935244881386259719e-01
7.935497978284190568e-01
7.935743671642768726e-01
7.935982091013800144e-01
7.936213353853043273e-01
7.936437562729038442e-01
7.936654808206435874e-01
7.936865209038580504e-01
7.937068880342351695e-01
7.937265917016761430e-01
7.937456415600646631e-01
7.937640478002829791e-01
7.937818216372943825e-01
7.937989714574433808e-01
7.938155041647120269e-01
7.938314276371313261e-01
7.938467532745047128e-01
7.938614923932483247e-01
7.938756501898346363e-01
7.938892326214489481e-01
7.939022451103751044e-01
7.939146916330866999e-01
7.939265764396052916e-01
7.939379058341591300e-01
7.939486860844675586e-01
7.939589222649841016e-01
7.939686178255034310e-01
7.939777815789683668e-01
7.939864320052251179e-01
7.939945771073041447e-01
7.940022220054946400e-01
7.940093749852797922e-01
7.940160416777790608e-01
7.940222242347610981e-01
7.940279228220626928e-01
7.940331389901840176e-01
7.940378749712794226e-01
7.940421325243895989e-01
7.940459118454342713e-01
7.940492134059706775e-01
7.940520390162693065e-01
7.940543918352480635e-01
7.940562737582125274e-01
7.940576895555205850e-01
7.940586458447401741e-01
7.940591495072848449e-01
7.940592069111640505e-01
7.940588269827197898e-01
7.940580135158157304e-01
7.940567679263250689e-01
7.940550885961933369e-01
7.940529749460873976e-01
7.940504271110772061e-01
7.940474462769404607e-01
7.940440307763082517e-01
7.940401819553596363e-01
7.940359001532136807e-01
7.940311861097115731e-01
7.940260384275756866e-01
7.940204577067434544e-01
7.940144453281697823e-01
7.940080030428062763e-01
7.940011306232704902e-01
7.939939449739201738e-01
7.939865213227350615e-01
7.939788546570543115e-01
7.939709366747420560e-01
7.939627621806978341e-01
7.939543285782160176e-01
7.939456325757576760e-01
7.939366681539817838e-01
7.939274331514257765e-01
7.939179270889150652e-01
7.939081734120345679e-01
7.938982001740537697e-01
7.938880128821009796e-01
7.938776204171206219e-01
7.938670298899127564e-01
7.938562496895689158e-01
7.938452844679907416e-01
7.938341306894383109e-01
7.938227802645146935e-01
7.938112296903303555e-01
7.937994959132608219e-01
7.937876082636796671e-01
7.937755637257730701e-01
7.937633613060601778e-01
7.937510005789975009e-01
7.937384804036139441e-01
7.937257945056681585e-01
7.937129393070522232e-01
7.936999171156714494e-01
7.936867295793105237e-01
7.936733972587411978e-01
7.936599544482932922e-01
7.936464030234433586e-01
7.936327367767854746e-01
7.936189509799220776e-01
7.936050437496120491e-01
7.935910144307488645e-01
7.935768598422248132e-01
7.935625766606999587e-01
7.935481650360390882e-01
7.935336486504868114e-01
7.935190524806151613e-01
7.935043770400063146e-01
7.934896225654506363e-01
7.934747905619653485e-01
7.934598812551278968e-01
7.934448935794664592e-01
7.934298266801346200e-01
7.934146782871187575e-01
7.933994466624857411e-01
7.933841548540263577e-01
7.933688141823950213e-01
7.933534222746968512e-01
7.933379779596556602e-01
7.933224781570350492e-01
7.933069217208114088e-01
7.932913074004034337e-01
7.932756353768567470e-01
7.932599036904107725e-01
7.932441135644940911e-01
7.932282947206600321e-01
7.932124610065269810e-01
7.931966139156994000e-01
7.931807495045506418e-01
7.931648643252976472e-01
7.931489564794312885e-01
7.931330225656237909e-01
7.931170588760496631e-01
7.931010643066189747e-01
7.930850427758638910e-01
7.930690230123413897e-01
7.930530093460682606e-01
7.930370037607299416e-01
7.930210067503549176e-01
7.930050168297994029e-01
7.929890317643701891e-01
7.929730462686351844e-01
7.929570551108855447e-01
7.929410572186971207e-01
7.929250543983218380e-01
7.929090725305174558e-01
7.928931132688861183e-01
7.928771799844969159e-01
7.928612702900110776e-01
7.928453812555537050e-01
7.928295119710321304e-01
7.928136613218889073e-01
7.927978279281628904e-01
7.927820085144666740e-01
7.927662080304651582e-01
7.927504539489950153e-01
7.927347486293505607e-01
7.927190916222863759e-01
7.927034811997158981e-01
7.926879143206535527e-01
7.926723884672317588e-01
7.926569006328629818e-01
7.926414482086104885e-01
7.926260302906861233e-01
7.926106459276833771e-01
7.925953157401380844e-01
7.925721649973700433e-01
7.925286768670014581e-01
7.924862349842639597e-01
7.924448053075964227e-01
7.924043523676911338e-01
7.923648387815974692e-01
7.923262304070656237e-01
7.922884938559251466e-01
7.922515989274715453e-01
7.922155219480840893e-01
7.921802561399049480e-01
7.921457736445093323e-01
7.921120496798587096e-01
7.920790636483194813e-01
7.920467907282295883e-01
7.920152062755260181e-01
7.919842866553155059e-01
7.919540095601155238e-01
7.919243520782218715e-01
7.918952914755954531e-01
7.918668097450919374e-01
7.918389069762900023e-01
7.918115661697423535e-01
7.917847681136337412e-01
7.917585002541972505e-01
7.917327444841686379e-01
7.917074808784987372e-01
7.916826945394735970e-01
7.916583699150055997e-01
7.916344940578757816e-01
7.916110516060763658e-01
7.915880259214131964e-01
7.915654049798994674e-01
7.915431944466118086e-01
7.915213839131641782e-01
7.914999580359141085e-01
7.914789038530340992e-01
7.914582161729073473e-01
7.914378837313308379e-01
7.914178962582008037e-01
7.913982414418726519e-01
7.913789075501430625e-01
7.913598861390346295e-01
7.913411697980383686e-01
7.913227484404827816e-01
7.913046116655527706e-01
7.912867571959105728e-01
7.912691880060135352e-01
7.912518955111965679e-01
7.912348711350504216e-01
7.912180962514435700e-01
7.912015564983279070e-01
7.911852452145555770e-01
7.911691563400305993e-01
7.911532851059700500e-01
7.911376263699720912e-01
7.911221738480614940e-01
7.911069215614545680e-01
7.910918631773568022e-01
7.910769919577649301e-01
7.910623030764171171e-01
7.910477923634890995e-01
7.910334672182410820e-01
7.910193253818810222e-01
7.910053615005834260e-01
7.909915722878176902e-01
7.909779564019130405e-01
7.909645135786238512e-01
7.909512390911687119e-01
7.909381292613831826e-01
7.909251807830379732e-01
7.909123895691229089e-01
7.908997505729661315e-01
7.908872580834768184e-01
7.908749083188344464e-01
7.908626975608962217e-01
7.908506233384204887e-01
7.908386816168124778e-01
7.908268685223057703e-01
7.908151829266990562e-01
7.908036255135085790e-01
7.907922045915934950e-01
7.907809178996990651e-01
7.907697634895547445e-01
7.907587398177741145e-01
7.907478452094605093e-01
7.907370792716647001e-01
7.907264363934789486e-01
7.907159135439668640e-01
7.907055091861959761e-01
7.906952213814087971e-01
7.906850460342786935e-01
7.906749813746507538e-01
7.906650267107854235e-01
7.906551810104248679e-01
7.906454414156350863e-01
7.906358063589900009e-01
7.906262763423757001e-01
7.906168510189276466e-01
7.906075267730651168e-01
7.905982922712873062e-01
7.905891397741406923e-01
7.905778608638905913e-01
7.905404145272831862e-01
7.905039454985065550e-01
7.904685266535287358e-01
7.904341286873777239e-01
7.904007186551471609e-01
7.903682651127394987e-01
7.903367369674778597e-01
7.903061088363860787e-01
7.902763534240067056e-01
7.902474432296422435e-01
7.902193489263112935e-01
7.901920422005398459e-01
7.901654968590544614e-01
7.901396885648769297e-01
7.901145924961602285e-01
7.900901832920649293e-01
7.900664392728499186e-01
7.900433394641994678e-01
7.900208645175559319e-01
7.899989940098954833e-01
7.899777089386492701e-01
7.899569928080135695e-01
7.899368234100481168e-01
7.899171801822404415e-01
7.898980462547653403e-01
7.898794040718822851e-01
7.898612377413606334e-01
7.898435319779855135e-01
7.898262714144205221e-01
7.898094401159031497e-01
7.897930245538814509e-01
7.897770122406722049e-01
7.897613918022677870e-01
7.897461578698141693e-01
7.897313028157014747e-01
7.897168172417836640e-01
7.897026955996623299e-01
7.896889325343905419e-01
7.896755206422801932e-01
7.896624506923450859e-01
7.896497117160842238e-01
7.896372924717325326e-01
7.896251826292891574e-01
7.896133706780892325e-01
7.896018462100672375e-01
7.895906006312127801e-01
7.895796256124019141e-01
7.895689116445165912e-01
7.895584488445984706e-01
7.895482304321335132e-01
7.895382519754787776e-01
7.895285103617573075e-01
7.895190017804153415e-01
7.895097258613333890e-01
7.895006836817879403e-01
7.894918709886028507e-01
7.894832793532979842e-01
7.894748998783208682e-01
7.894667257940466421e-01
7.894587501084204817e-01
7.894509663307254232e-01
7.894433661485171783e-01
7.894359433765719691e-01
7.894286927644260654e-01
7.894216083701918185e-01
7.894146832979332951e-01
7.894079112519843955e-01
7.894012878648656306e-01
7.893948088024567156e-01
7.893884715118112405e-01
7.893823952636004337e-01
7.893766394166074063e-01
7.893711888873899962e-01
7.893660290471693486e-01
7.893611482609284025e-01
7.893565367028696489e-01
7.893521863148581508e-01
7.893480895396888242e-01
7.893442383051185729e-01
7.893406270118831225e-01
7.893372895091650410e-01
7.893342404278411717e-01
7.893314822162706967e-01
7.893290173636585694e-01
7.893268495998713163e-01
7.893249831071006417e-01
7.893234142815358512e-01
7.893221336530996668e-01
7.893211297479949540e-01
7.893204004905862714e-01
7.893199762672978848e-01
7.893198623191636232e-01
7.893200518290203194e-01
7.893205375047451788e-01
7.893213160096421710e-01
7.893223853596863515e-01
7.893237437702368409e-01
7.893253892122144011e-01
7.893273209228617304e-01
7.893295499812196248e-01
7.893321086971564204e-01
7.893350004204577886e-01
7.893382163363994453e-01
7.893417466014637229e-01
7.893455829227886689e-01
7.893497188378858498e-01
7.893541488182467258e-01
7.893588676455149944e-01
7.893638701464732454e-01
7.893691758976197903e-01
7.893748023969258121e-01
7.893807499045600862e-01
7.893870147753334621e-01
7.893935924969371909e-01
7.894004771175348045e-01
7.894076641874145928e-01
7.894151474870603202e-01
7.894229198001319059e-01
7.894309826413785647e-01
7.894393549176549341e-01
7.894480409808992682e-01
7.894570356801453581e-01
7.894663230780473162e-01
7.894758902255148980e-01
7.894857308056201228e-01
7.894958369227130790e-01
7.895062037087507978e-01
7.895168273291194305e-01
7.895277229670305541e-01
7.895389034747350987e-01
7.895503731477132581e-01
7.895621245080751693e-01
7.895741499542787700e-01
7.895864419554154967e-01
7.895989927229979388e-01
7.896117939032661903e-01
7.896248387059042750e-01
7.896381239769477700e-01
7.896516682246728092e-01
7.896654734958135080e-01
7.896795437960378861e-01
7.896938729341418384e-01
7.897084549126750508e-01
7.897232837349100754e-01
7.897383526428857214e-01
7.897536537801561618e-01
7.897691793488852419e-01
7.897849317240052125e-01
7.898009308495912428e-01
7.898171739747090747e-01
7.898336640511360862e-01
7.898503936955374449e-01
7.898673552556846333e-01
7.898845400262518579e-01
7.899019401134149687e-01
7.899195491741857200e-01
7.899373608895564614e-01
7.899553800734800957e-01
7.899736201613511977e-01
7.899920736548358136e-01
7.900107403797063110e-01
7.900296116808699365e-01
7.900486794284844461e-01
7.900679347588058787e-01
7.900873688669438621e-01
7.901069742264182905e-01
7.901267432155787418e-01
7.901466774270222704e-01
7.901667898060124040e-01
7.901870730446775015e-01
7.902075287743602905e-01
7.902281524168949245e-01
7.902489373309440346e-01
7.902698748829967146e-01
7.902909545609587694e-01
7.903121669648570657e-01
7.903335035940661779e-01
7.903549583818619828e-01
7.903765447550925582e-01
7.903982596689916873e-01
7.904200964420228237e-01
7.904420566103199652e-01
7.904641332437065682e-01
7.904863188503312710e-01
7.905086053141697766e-01
7.905309824566602028e-01
7.905534413498689350e-01
7.905759735881048300e-01
7.906193506444934016e-01
7.906699108048650393e-01
7.907195544326257597e-01
7.907683077385586623e-01
7.908162030262098074e-01
7.908632691036702189e-01
7.909095291227435931e-01
7.909550056562747455e-01
7.909997203287837397e-01
7.910436916346926806e-01
7.910869370532325195e-01
7.911294740802254921e-01
7.911713208563065924e-01
7.912125105589525864e-01
7.912530646306314974e-01
7.912929975473629307e-01
7.913323270996874825e-01
7.913710719545236083e-01
7.914092449389457107e-01
7.914468584423249853e-01
7.914839251750535043e-01
7.915204567850218087e-01
7.915564637286265359e-01
7.915919545573085747e-01
7.916269370164482622e-01
7.916614191970300363e-01
7.916954183870600348e-01
7.917289552500995642e-01
7.917620361970661991e-01
7.917946680385781200e-01
7.918268604725104964e-01
7.918586232929705204e-01
7.919193465164624524e-01
