9.396982016283585981e-01
9.352866911455987031e-01
9.310308079394334912e-01
9.268830976921512699e-01
9.228403271458669455e-01
9.188994239739249892e-01
9.150705782158270463e-01
9.113786758337031335e-01
9.078188305301481131e-01
9.043856085020770541e-01
9.010734487290835704e-01
8.978777835012258235e-01
8.947955848125302980e-01
8.918199145237836190e-01
8.889500904909259926e-01
8.861787298363864585e-01
8.835025981150131935e-01
8.809207582308786755e-01
8.784280772188128861e-01
8.760183142082152985e-01
8.736880354756477729e-01
8.714338030273264257e-01
8.692528123850492561e-01
8.671416974710253189e-01
8.650984428966779216e-01
8.631211078332047260e-01
8.612072115558456753e-01
8.593545262947170915e-01
8.575614878449809853e-01
8.558243649375496531e-01
8.541403084561148829e-01
8.525038120561149180e-01
8.509129391201015746e-01
8.493679978492636451e-01
8.478702149233242613e-01
8.464201325021142308e-01
8.450060197958755293e-01
8.436327605853696232e-01
8.423045124998244093e-01
8.410122598096246849e-01
8.397568207458528944e-01
8.385414778881370435e-01
8.373534361876728838e-01
8.362053416815703466e-01
8.350872443832558778e-01
8.339985486079991572e-01
8.329400570943191751e-01
8.319059905727694826e-01
8.309047352684907350e-01
8.299242521148786356e-01
8.289756513150049466e-01
8.280463263455035694e-01
8.271442489340935511e-01
8.262681978229116098e-01
8.254105611701062495e-01
8.245863079868248624e-01
8.237675605811524138e-01
8.229813340912305319e-01
8.222123993522902907e-01
8.214615394571642693e-01
8.207407020268447928e-01
8.200247914840755881e-01
8.193328457096101802e-01
8.186686438512199571e-01
8.180060048506097026e-01
8.173678130236958772e-01
8.167536864937956498e-01
8.161443619370369884e-01
8.155510835990933405e-01
8.149803265147567144e-01
8.144222509703358259e-01
8.138655349200468736e-01
8.133299540014068407e-01
8.128147200372445313e-01
8.123032137737233871e-01
8.117994794832912309e-01
8.113135635231144560e-01
8.108461090884871991e-01
8.103832792843056465e-01
8.099236383357154567e-01
8.094814315300326024e-01
8.090548241958180897e-01
8.086444367363876395e-01
8.082254833961504126e-01
8.078189994176879773e-01
8.074279428867709996e-01
8.070506303886536559e-01
8.066876740183386296e-01
8.063183880048786500e-01
8.059555661339130594e-01
8.056065230634757990e-01
8.052696933644701849e-01
8.049456884647963051e-01
8.046340305932229153e-01
8.043099002067661818e-01
8.039945913750995432e-01
8.036902923725633974e-01
8.033975880981215623e-01
8.031160465854493280e-01
8.028452421241584203e-01
8.025838158782204745e-01
8.023046427878222087e-01
8.020358443522934699e-01
8.017773047698257827e-01
8.015286325051558247e-01
8.012894209988519201e-01
8.010584672894690561e-01
8.008363253771881851e-01
8.006226675672324378e-01
8.003940374991771467e-01
8.001692085678928645e-01
7.999521343232098847e-01
7.997433481343861894e-01
7.995425416788703998e-01
7.993494099741148551e-01
7.991636323693113164e-01
7.989841597053323197e-01
7.988115430634267211e-01
7.986455282954350032e-01
7.984668314094104380e-01
7.982858463464712617e-01
7.981110388229921693e-01
7.979429141759778465e-01
7.977812241819925987e-01
7.976257225668563766e-01
7.974761476078935374e-01
7.973315730538116375e-01
7.971925283121307215e-01
7.970588089353122241e-01
7.969302109637492748e-01
7.968065152388591477e-01
7.966868866567610175e-01
7.965682889897824914e-01
7.964295980841468170e-01
7.962961877110062980e-01
7.961678681854070794e-01
7.960438272162930762e-01
7.959245365408957884e-01
7.958097219718591742e-01
7.956990734480181571e-01
7.955924168558800025e-01
7.954890030415449065e-01
7.953893360533368373e-01
7.952932862502081202e-01
7.952007223547109538e-01
7.951114977666852157e-01
7.950249252402784572e-01
7.949414904944476223e-01
7.948610855242477236e-01
7.947836003090833490e-01
7.947089092029290258e-01
7.946363577490467289e-01
7.945586150307588635e-01
7.944631858759069187e-01
7.943712225143014782e-01
7.942825825482480173e-01
7.941966368413726496e-01
7.941138101524820581e-01
7.940339944296422869e-01
7.939570802163885554e-01
7.938829450105131524e-01
7.938110079377583839e-01
7.937416822205135558e-01
7.936748779145015309e-01
7.936105033147269339e-01
7.935484535353179991e-01
7.934881784399897553e-01
7.934300918137897618e-01
7.933741189020575568e-01
7.933201827888293201e-01
7.932681932214907805e-01
7.932176244352973082e-01
7.931688919501497237e-01
7.931219336802323161e-01
7.930766850312673810e-01
7.930330685853718142e-01
7.929905970036008611e-01
7.929496679598287967e-01
7.929102297521549714e-01
7.928722280770319486e-01
7.928355972726014445e-01
7.927999112895756095e-01
7.927655217657515463e-01
7.927323853992903624e-01
7.927004565250242996e-01
7.926696780322298741e-01
7.926396382421426745e-01
7.926106896859801410e-01
7.925818653471589093e-01
7.925268821627712290e-01
7.924736158983056722e-01
7.924219303794125535e-01
7.923721261622862500e-01
7.923241382920027664e-01
7.922779005268655306e-01
7.922333373322156813e-01
7.921900575134062095e-01
7.921483532785555948e-01
7.921081706034869274e-01
7.920694539747931140e-01
7.920321385621573729e-01
7.919958534167595987e-01
7.919608893129447269e-01
7.919272013850892078e-01
7.918947430532746745e-01
7.918634587134133485e-01
7.918330030292198840e-01
7.918036561428035691e-01
7.917753807399584565e-01
7.917481376997700382e-01
7.917218791095782526e-01
7.916962807388350232e-01
7.916716142510624721e-01
7.916478486320762675e-01
7.916249509803721107e-01
7.916028800075730620e-01
7.915813350358307243e-01
7.915605743287995599e-01
7.915405720684358659e-01
7.915213005465620011e-01
7.915027239545278093e-01
7.914845598333908328e-01
7.914670568120212302e-01
7.914501934238014069e-01
7.914339462938776437e-01
7.914182841343003760e-01
7.914029382296511317e-01
7.913881507113587066e-01
7.913739037579442526e-01
7.913601776087978434e-01
7.913469460200520667e-01
7.913339876087912561e-01
7.913215008643732506e-01
7.913094706704317804e-01
7.912978803341980116e-01
7.912867070953217841e-01
7.912757472838942707e-01
7.912651862987484241e-01
7.912550115279946006e-01
7.912452088478035828e-01
7.912357587138993953e-01
7.912264807185692694e-01
7.912175403288927988e-01
7.912089269505246936e-01
7.912006286224205764e-01
7.911926281505582415e-01
7.911847546427860367e-01
7.911771675056631370e-01
7.911698579380015417e-01
7.911628157851402499e-01
7.911560260734867844e-01
7.911493331135592832e-01
7.911428835258571546e-01
7.911366699386177537e-01
7.911306837162169758e-01
7.911249125121497805e-01
7.911192348256258500e-01
7.911137637224903152e-01
7.911084928326814758e-01
7.911034148294547874e-01
7.910985188096041343e-01
7.910936896237643623e-01
7.910890360396413135e-01
7.910845527665246735e-01
7.910802335714038902e-01
7.910760691094926855e-01
7.910719594696332679e-01
7.910679992589928489e-01
7.910641839951542131e-01
7.910605083729510545e-01
7.910569649058531994e-01
7.910534817226216875e-01
7.910501253350964435e-01
7.910468918039574859e-01
7.910437766322000464e-01
7.910407732509314727e-01
7.910378144574745640e-01
7.910349633156360527e-01
7.910322165454136689e-01
7.910295703260805666e-01
7.910270202136011619e-01
7.910245411509941871e-01
7.910221526109364465e-01
7.910198515052624391e-01
7.910176346333676056e-01
7.910154990428295285e-01
7.910134454545776350e-01
7.910114670758771060e-01
7.910095611149974282e-01
7.910077249211105999e-01
7.910059562207576445e-01
7.910042604536740019e-01
7.910026268404575234e-01
7.910010530232285397e-01
7.909995368132440863e-01
7.909980763870487763e-01
7.909966777497176027e-01
7.909953303900782995e-01
7.909940323469881740e-01
7.909927818153447143e-01
7.909915799266271641e-01
7.909905059078379264e-01
7.909894720476373653e-01
7.909884760280515570e-01
7.909875164640655099e-01
7.909865996834847257e-01
7.909859403499370778e-01
7.909853074092748626e-01
7.909846976317678191e-01
7.909841101697346888e-01
7.909835526417798857e-01
7.909832620020832428e-01
7.909829844894076256e-01
7.909827171311317739e-01
7.909824595556982363e-01
7.909822225764997494e-01
7.909823207062786077e-01
7.909824185466352020e-01
7.909825128074440270e-01
7.909826036196652144e-01
7.909827035218632840e-01
7.909831624731262778e-01
7.909836083032786291e-01
7.909840378248840231e-01
7.909844516345114762e-01
7.909848645893126085e-01
7.909856797876805290e-01
7.909864693900828803e-01
7.909872301127480743e-01
7.909879630119530658e-01
7.909886851776533057e-01
7.909898505873155239e-01
7.909909781320426658e-01
7.909920644475528784e-01
7.909931110414120115e-01
7.909941374726131569e-01
7.909956554757413549e-01
7.909971233361542398e-01
7.909985375369659177e-01
7.909999000397742730e-01
7.910012316861820825e-01
7.910030684573376991e-01
7.910048437001705457e-01
7.910065540636612713e-01
7.910082019189378366e-01
7.910098108020990892e-01
7.910119819014277409e-01
7.910140799533295075e-01
7.910161013474980019e-01
7.910180488848214120e-01
7.910199473465765463e-01
7.910224217493238008e-01
7.910248122915979341e-01
7.910271155117704067e-01
7.910293345995562664e-01
7.910314989974212008e-01
7.910343549105205430e-01
7.910371143315075848e-01
7.910397729922529209e-01
7.910423345720162258e-01
7.910448298582295479e-01
7.910480301310347517e-01
7.910511216373813381e-01
7.910541002978063174e-01
7.910569702314027563e-01
7.910597645381267640e-01
7.910633081485999307e-01
7.910667310652089723e-01
7.910700290841030657e-01
7.910732067626349284e-01
7.910762981262912108e-01
7.910801427033159472e-01
7.910838558034039014e-01
7.910874334656741169e-01
7.910908806303124097e-01
7.910942335155585203e-01
7.910983834201354981e-01
7.911023913052189771e-01
7.911062530535629689e-01
7.911099739936506836e-01
7.911135907504884823e-01
7.911179959155208996e-01
7.911222498347117993e-01
7.911263487150502760e-01
7.911302982071009016e-01
7.911341366331403613e-01
7.911387959851349239e-01
7.911432953154254877e-01
7.911476307382265816e-01
7.911518082245750927e-01
7.911558666838507392e-01
7.911607462558374326e-01
7.911654579443567759e-01
7.911699980649898878e-01
7.911743728650811880e-01
7.911786226146599876e-01
7.911837185673974426e-01
7.911886391672915408e-01
7.911933806754377629e-01
7.911979496101174680e-01
7.912023865747642715e-01
7.912076651184845044e-01
7.912127617700488447e-01
7.912176730041631245e-01
7.912224055663601430e-01
7.912270020634252221e-01
7.912324865699829068e-01
7.912377823277930711e-01
7.912428855298344610e-01
7.912478031775080911e-01
7.912525780714313450e-01
7.912582330433834965e-01
7.912636931595848910e-01
7.912689548468544443e-01
7.912740253164013415e-01
7.912789477233758140e-01
7.912847493999016768e-01
7.912903510497412141e-01
7.912957492385078728e-01
7.913009513562402342e-01
7.913060008683774349e-01
7.913119291670310806e-01
7.913176529927617997e-01
7.913231690279253217e-01
7.913284848158887996e-01
7.913336434475700676e-01
7.913396617439502068e-01
7.913454722627142335e-01
7.913510719563889850e-01
7.913564684744146538e-01
7.913617059035932266e-01
7.913678263691004133e-01
7.913737357464651900e-01
7.913794308395295518e-01
7.913849194186154401e-01
7.913902449107609316e-01
7.913964276778504559e-01
7.914023969990220397e-01
7.914081499883881543e-01
7.914136944859446743e-01
7.914190735287869316e-01
7.914252946690168988e-01
7.914313009757201201e-01
7.914370897434899188e-01
7.914426688512423702e-01
7.914480807282550101e-01
7.914543147748769325e-01
7.914603334615439856e-01
7.914661342879704131e-01
7.914717251401097720e-01
7.914771471721443463e-01
7.914833536610922371e-01
7.914893455403644307e-01
7.914951206567152342e-01
7.915006868517849847e-01
7.915060846450892029e-01
7.915122505985421331e-01
7.915182033800747252e-01
7.915239409542089710e-01
7.915294711012109685e-01
7.915348330901242901e-01
7.915409298445945652e-01
7.915468157156656526e-01
7.915524889323130031e-01
7.915579571776657497e-01
7.915632580044696942e-01
7.915692485059597772e-01
7.915750316197428527e-01
7.915806059232789460e-01
7.915859789560562021e-01
7.915911870705896192e-01
7.915970573008453970e-01
7.916027243119833079e-01
7.916081868398385790e-01
7.916134522628004433e-01
7.916185553522192553e-01
7.916242827951134320e-01
7.916298118803347661e-01
7.916351415851403672e-01
7.916402790992458360e-01
7.916452571344544387e-01
7.916508092722305268e-01
7.916561689509422628e-01
7.916613354854876716e-01
7.916663158361109121e-01
7.916711407227104980e-01
7.916764935952887994e-01
7.916816607939407557e-01
7.916866419079422457e-01
7.916914436386996989e-01
7.916960949521705260e-01
7.917012366474995844e-01
7.917061999563758112e-01
7.917109846458484368e-01
7.917155971440669182e-01
7.917200642282236078e-01
7.917249721606219870e-01
7.917297096672838430e-01
7.917342767937657344e-01
7.917386796676378902e-01
7.917429427827468169e-01
7.917475959162184607e-01
7.917520873097655398e-01
7.917564172819482327e-01
7.917605916342745909e-01
7.917646326329519368e-01
7.917690158086432284e-01
7.917732464873620257e-01
7.917773252173233578e-01
7.917812574559083272e-01
7.917850630764178277e-01
7.917891591765268133e-01
7.917931125813336690e-01
7.917969240927883456e-01
7.918005988036462828e-01
7.918041546622325288e-01
7.918079640633433058e-01
7.918116406883095593e-01
7.918151854448923777e-01
7.918186030627754057e-01
7.918219088564655284e-01
7.918254104891205847e-01
7.918287897943613318e-01
7.918320479773339748e-01
7.918351893793464935e-01
7.918382266933644553e-01
7.918414038608070360e-01
7.918444697436427537e-01
7.918474258128044285e-01
7.918502760015946329e-01
7.918530301931802073e-01
7.918558638125542393e-01
7.918585978060781461e-01
7.918612339390872501e-01
7.918637757143989209e-01
7.918662307022781288e-01
7.918687204115683054e-01
7.918711223036339897e-01
7.918734382801125848e-01
7.918756714142008990e-01
7.918778266520063447e-01
7.918799627865847901e-01
7.918820231498693296e-01
7.918840098641476422e-01
7.918859255620502857e-01
7.918877731423303867e-01
7.918895652324082768e-01
7.918912934130901693e-01
7.918929598608331899e-01
7.918945667808204858e-01
7.918961142054794511e-01
7.918975451584451264e-01
7.918989244112565329e-01
7.919002544286222189e-01
7.919015369681094985e-01
7.919027689944785342e-01
7.919038187780699234e-01
7.919048297131023872e-01
7.919058045840511317e-01
7.919067446774652463e-01
7.919076447759832993e-01
7.919083239814030950e-01
7.919089770630983738e-01
7.919096068619350115e-01
7.919102142079647022e-01
7.919107912097876900e-01
7.919110935474571455e-01
7.919113825435256659e-01
7.919116612434055069e-01
7.919119300139236817e-01
7.919121780611088068e-01
7.919120913744333023e-01
7.919120044778379386e-01
7.919119206751081830e-01
7.919118398560893723e-01
7.919117497639346359e-01
7.919113076559891606e-01
7.919108776855613430e-01
7.919104630137107081e-01
7.919100630961050102e-01
7.919096670048145770e-01
7.919089808693069443e-01
7.919083160557857104e-01
7.919076748822555523e-01
7.919070565081056667e-01
7.919064479460312667e-01
7.919055050281306185e-01
7.919045920178983122e-01
7.919037114532231358e-01
7.919028621810900725e-01
7.919020315275285826e-01
7.919008923611502437e-01
7.918997902333282379e-01
7.918987272476468720e-01
7.918977020139706946e-01
7.918967010155913977e-01
7.918953795791063843e-01
7.918941014435157966e-01
7.918928686725910104e-01
7.918916796562114335e-01
7.918905206436349653e-01
7.918890461356833388e-01
7.918876203226712374e-01
7.918862450845048917e-01
7.918849186272499674e-01
7.918836254414295395e-01
7.918819752552400670e-01
7.918803794945113994e-01
7.918788403047032354e-01
7.918773556803339053e-01
7.918759105530716047e-01
7.918741326453876406e-01
7.918724138465704776e-01
7.918707559464649437e-01
7.918691567873710202e-01
7.918676003877627156e-01
7.918656927109889443e-01
7.918638484753535156e-01
7.918620695451911162e-01
7.918603536079971139e-01
7.918586853307862938e-01
7.918566930306560891e-01
7.918547673644532603e-01
7.918529098488701345e-01
7.918511180720103626e-01
7.918493763081103642e-01
7.918473044042888542e-01
7.918453018212058270e-01
7.918433700697459221e-01
7.918415066445858574e-01
7.918396950696778847e-01
7.918375364868512900e-01
7.918354500578510535e-01
7.918334373898952006e-01
7.918314958753265298e-01
7.918296088022924728e-01
7.918273733472042109e-01
7.918252126827531878e-01
7.918231283648755614e-01
7.918211176958828146e-01
7.918191647359202889e-01
7.918168907973036630e-01
7.918146932232037472e-01
7.918125732613149337e-01
7.918105281705891674e-01
7.918085417993122599e-01
7.918062306207483969e-01
7.918039970296747443e-01
7.918018422823310809e-01
7.917997635956057767e-01
7.917977456470338682e-01
7.917954294011642080e-01
7.917931911380395871e-01
7.917910318440958273e-01
7.917889487331859488e-01
7.917869249638513907e-01
7.917845587396238338e-01
7.917822717771635377e-01
7.917800654674262972e-01
7.917779369660877808e-01
7.917758701526811382e-01
7.917734850926615442e-01
7.917711801533979799e-01
7.917689564669164737e-01
7.917668111689262211e-01
7.917647283664249747e-01
7.917623350626203926e-01
7.917600222069249849e-01
7.917577908480987192e-01
7.917556381144797983e-01
7.917535489663920512e-01
7.917511746669820827e-01
7.917488803651095974e-01
7.917466668721343526e-01
7.917445313418408626e-01
7.917424588823480658e-01
7.917401042549305767e-01
7.917378289330931906e-01
7.917356337173393488e-01
7.917335157874159091e-01
7.917314597209811344e-01
7.917291046378718278e-01
7.917268286844710845e-01
7.917246328327400828e-01
7.917225142635188062e-01
7.917204576986927034e-01
7.917181062962352911e-01
7.917158339092188468e-01
7.917136414722113491e-01
7.917115261723098874e-01
7.917094737598368015e-01
7.917071562338640067e-01
7.917049168059244746e-01
7.917027561414097248e-01
7.917006714701135817e-01
7.916986487916486404e-01
7.916963660142087855e-01
7.916941601484790425e-01
7.916920318409086388e-01
7.916899783645556798e-01
7.916879866275932098e-01
7.916857590255237387e-01
7.916836066239663072e-01
7.916815298740855766e-01
7.916795261169092823e-01
7.916775816796487453e-01
7.916753807892830119e-01
7.916732539523869683e-01
7.916712018522752414e-01
7.916692218627064959e-01
7.916673008360533004e-01
7.916651369502127888e-01
7.916630459452411728e-01
7.916610284002854048e-01
7.916590817345890985e-01
7.916571935443361685e-01
7.916550817916128135e-01
7.916530412780627968e-01
7.916510724340601879e-01
7.916491727423350389e-01
7.916473301659011641e-01
7.916452713449874112e-01
7.916432819785353958e-01
7.916413624697645757e-01
7.916395103655844423e-01
7.916377142976648296e-01
7.916357180781716796e-01
7.916337892768233742e-01
7.916319281894731441e-01
7.916301324389003469e-01
7.916283884572922203e-01
7.916263760272400640e-01
7.916244309038324989e-01
7.916225540594102883e-01
7.916207430971999859e-01
7.916189846773654670e-01
7.916169655264997385e-01
7.916150139829974952e-01
7.916131309359063506e-01
7.916113139810999622e-01
7.916095503523696841e-01
7.916075431483722280e-01
7.916056032943566967e-01
7.916037315169580646e-01
7.916019254271167149e-01
7.916001729376144214e-01
7.915981959032286630e-01
7.915962853481086636e-01
7.915944418331862797e-01
7.915926630060623470e-01
7.915909370645521914e-01
7.915889929396268121e-01
7.915871142052043341e-01
7.915853013868368038e-01
7.915835521718365131e-01
7.915818542850208139e-01
7.915799222751243036e-01
7.915780550786990499e-01
7.915762533928247802e-01
7.915745149190652752e-01
7.915728282129119719e-01
7.915709308782024056e-01
7.915690973797072649e-01
7.915673282072148709e-01
7.915656211039279189e-01
7.915639650075884104e-01
7.915621072102688727e-01
7.915603119625301831e-01
7.915585796981350342e-01
7.915569082074149776e-01
7.915552868245822049e-01
7.915534727860197295e-01
7.915517198651305097e-01
7.915500284421019828e-01
7.915483963594002192e-01
7.915468133283577457e-01
7.915450458522704791e-01
7.915433379564034144e-01
7.915416899782248272e-01
7.915400998156579826e-01
7.915385556120192456e-01
7.915367781874843578e-01
7.915350602182726902e-01
7.915334025257116934e-01
7.915318029949354184e-01
7.915302505138359646e-01
7.915284872403995919e-01
7.915267831541893395e-01
7.915251388618775863e-01
7.915235522653837341e-01
7.915220128132677280e-01
7.915202780376559000e-01
7.915186016160553617e-01
7.915169840231175424e-01
7.915154231944385721e-01
7.915139087811470242e-01
7.915122031442031192e-01
7.915105548948246916e-01
7.915089644910690003e-01
7.915074299028325155e-01
7.915059412225691204e-01
7.915042723579496231e-01
7.915026597166163747e-01
7.915011036765389196e-01
7.914996022510990548e-01
7.914981439079378234e-01
7.914964555846790706e-01
7.914948236860439579e-01
7.914932490755944849e-01
7.914917297422158216e-01
7.914902542908536232e-01
7.914885541765002142e-01
7.914869109597043595e-01
7.914853254394260684e-01
7.914837955898288424e-01
7.914823107627891874e-01
7.914806238685632156e-01
7.914789936434614148e-01
7.914774206689494385e-01
7.914759029344893282e-01
7.914744305461290930e-01
7.914727772851862797e-01
7.914711797422299133e-01
7.914696383130158663e-01
7.914681510265473285e-01
7.914667081490032174e-01
7.914650869393451416e-01
7.914635203689914800e-01
7.914620088351255189e-01
7.914605504042143691e-01
7.914591348849342456e-01
7.914575256502393019e-01
7.914559705042323312e-01
7.914544700089108931e-01
7.914530222437495821e-01
7.914516178759541942e-01
7.914500441526827190e-01
7.914485235361055082e-01
7.914470563719449014e-01
7.914456407812523464e-01
7.914442676317955394e-01
7.914427287353963392e-01
7.914412417842970893e-01
7.914398071170550830e-01
7.914384228952761058e-01
7.914370800244859838e-01
7.914355703159675626e-01
7.914341115410582495e-01
7.914327040737764163e-01
7.914313461095441316e-01
7.914300313790816332e-01
7.914286304908271230e-01
7.914272775489334943e-01
7.914259722059701074e-01
7.914247127873207388e-01
7.914234950032925653e-01
7.914222418826254435e-01
7.914210320741447147e-01
7.914198648444434880e-01
7.914187386949771419e-01
7.914176506327927907e-01
7.914165556327151796e-01
7.914154987271027064e-01
7.914144790323838219e-01
7.914134952384597188e-01
7.914125472438194864e-01
7.914116666219281893e-01
7.914108173596505758e-01
7.914099980086635178e-01
7.914092075154816053e-01
7.914084476243636868e-01
7.914077952219357170e-01
7.914071666221064172e-01
7.914065601697046759e-01
7.914059750844106844e-01
7.914054150497729090e-01
7.914050044679463713e-01
7.914046096696326638e-01
7.914042287863537473e-01
7.914038613276614953e-01
7.914035131615860807e-01
7.914033626817679190e-01
7.914032193835671691e-01
7.914030811381991271e-01
7.914029477674959789e-01
7.914028269772322988e-01
7.914029407829000773e-01
7.914030529038897921e-01
7.914031610696560248e-01
7.914032654197244998e-01
7.914033758994164502e-01
7.914037693356563707e-01
7.914041517886882815e-01
7.914045207444403429e-01
7.914048766792500800e-01
7.914052315433467433e-01
7.914059098542961523e-01
7.914065676148286377e-01
7.914072021519831246e-01
7.914078142857022824e-01
7.914084180498552890e-01
7.914093876943739669e-01
7.914103270061422224e-01
7.914112331398504008e-01
7.914121072674028534e-01
7.914129630518810243e-01
7.914141550316633467e-01
7.914153085945391242e-01
7.914164213915414470e-01
7.914174948632992646e-01
7.914185448475110629e-01
7.914199801477902474e-01
7.914213689748111902e-01
7.914227086986524995e-01
7.914240010553993399e-01
7.914252629766630465e-01
7.914269263487141437e-01
7.914285353939801704e-01
7.914300875219741904e-01
7.914315847460489106e-01
7.914330459079829128e-01
7.914349494757931813e-01
7.914367906742475478e-01
7.914385667126233592e-01
7.914402798969382147e-01
7.914419500848804967e-01
7.914440766999663035e-01
7.914461332318184494e-01
7.914481169470325428e-01
7.914500304238633044e-01
7.914518950805983222e-01
7.914542471938583734e-01
7.914565215807690679e-01
7.914587153961527566e-01
7.914608314943044620e-01
7.914628919125316076e-01
7.914654431257009959e-01
7.914679096148732329e-01
7.914702886801284754e-01
7.914725834201791210e-01
7.914748174454231400e-01
7.914775751681950577e-01
7.914802411929283688e-01
7.914828126731314750e-01
7.914852929616115196e-01
7.914877058558242862e-01
7.914906343610207395e-01
7.914934650388382176e-01
7.914961952792400890e-01
7.914988286459215816e-01
7.915013900726869389e-01
7.915044890664829635e-01
7.915074844035835389e-01
7.915103734068370533e-01
7.915131598510727340e-01
7.915158685143810491e-01
7.915190989575762170e-01
7.915222209064736170e-01
7.915252319641735701e-01
7.915281360695161084e-01
7.915309585269328929e-01
7.915343094280770098e-01
7.915375476012007638e-01
7.915406706931403802e-01
7.915436827937573083e-01
7.915466091280274341e-01
7.915500535732034049e-01
7.915533818301164759e-01
7.915565917375492200e-01
7.915596875038909408e-01
7.915626941714893894e-01
7.915662073512319541e-01
7.915696017439589616e-01
7.915728753709965204e-01
7.915760325289459276e-01
7.915790980584180847e-01
7.915826595581457736e-01
7.915861003951684127e-01
7.915894187448550001e-01
7.915926189675240865e-01
7.915957241301601055e-01
7.915992701394993780e-01
7.916026954234651747e-01
7.916059987047734392e-01
7.916091843289460028e-01
7.916122749013696502e-01
7.916157936982507470e-01
7.916191925365997362e-01
7.916224702465395335e-01
7.916256311448658378e-01
7.916286966792211999e-01
7.916321582298775361e-01
7.916355014567082460e-01
7.916387254682070163e-01
7.916418345154451197e-01
7.916448489015798229e-01
7.916482294599234137e-01
7.916514941960243190e-01
7.916546424511743396e-01
7.916604621255008967e-01
