9.397191958687870494e-01
9.357296117355173859e-01
9.318806131485056765e-01
9.281262843554445308e-01
9.244627933726509150e-01
9.208886772650909380e-01
9.174018819456196683e-01
9.140264463442384635e-01
9.107679205179320947e-01
9.076183774507491364e-01
9.045795634727731294e-01
9.016394276159532817e-01
8.988011386329058938e-01
8.960564725929232033e-01
8.934029613931091518e-01
8.908387733272041809e-01
8.883569197155906094e-01
8.859548407072399545e-01
8.836314880368082436e-01
8.813832269604519043e-01
8.792078147062853954e-01
8.771026819338695324e-01
8.750606675300242054e-01
8.730787755931720406e-01
8.711551309359495399e-01
8.692883678890664934e-01
8.674765892900107023e-01
8.657174830303033808e-01
8.640091350876362153e-01
8.623512816865274155e-01
8.607414858117600209e-01
8.591757565232407412e-01
8.576566945184270763e-01
8.561817001452951548e-01
8.547463260229001270e-01
8.533424267577117694e-01
8.519784118790824090e-01
8.506540485162012999e-01
8.493556350812843103e-01
8.480948203233024119e-01
8.468667958677699170e-01
8.456630781137508546e-01
8.444969459397400069e-01
8.433528132617890138e-01
8.422437423735480433e-01
8.411587180506302497e-01
8.401019006738830175e-01
8.390701123734902733e-01
8.380608350857005062e-01
8.370784464296288085e-01
8.361183232842102075e-01
8.351792332192283785e-01
8.342623535609271501e-01
8.333601653895524874e-01
8.324832181856108848e-01
8.316145320266924434e-01
8.307760228988113616e-01
8.299444548614822725e-01
8.291363815341935561e-01
8.283465578192485967e-01
8.275645463425144177e-01
8.268075859510378711e-01
8.260570155598035980e-01
8.253244425658282646e-01
8.246162137755627120e-01
8.239049861351369630e-01
8.232158706441157214e-01
8.225461732829576489e-01
8.218735836831302377e-01
8.212236104859577113e-01
8.205943306678105120e-01
8.199595440928534318e-01
8.193444724358660558e-01
8.187481750727408913e-01
8.181488947527763012e-01
8.175629115544008618e-01
8.169960041777756254e-01
8.164394760726640943e-01
8.158799754071717203e-01
8.153359854003566776e-01
8.148068846837548396e-01
8.142757362459106529e-01
8.137503580273057757e-01
8.132404713887518843e-01
8.127447100517161127e-01
8.122421687631840026e-01
8.117456176851780558e-01
8.112627266822666217e-01
8.107937747873360523e-01
8.103223465043537521e-01
8.098522767524102273e-01
8.093945302795834129e-01
8.089487901276980475e-01
8.085103311149269834e-01
8.080614860728992932e-01
8.076254196963500442e-01
8.072010682385954983e-01
8.067874015194094195e-01
8.063694333541838732e-01
8.059495781084893284e-01
8.055410791460120290e-01
8.051440209962257288e-01
8.047572961744127173e-01
8.043640055847616210e-01
8.039687748982046189e-01
8.035840639134550489e-01
8.032095246217232365e-01
8.028452036428340710e-01
8.024825077539176066e-01
8.021082679512198110e-01
8.017431031974553424e-01
8.013872480954777888e-01
8.010404277485864144e-01
8.007027136167960135e-01
8.003560020231420546e-01
8.000070001825021482e-01
7.996665136113584316e-01
7.993348265225304061e-01
7.990114785055835167e-01
7.986963705335269337e-01
7.983717365724973813e-01
7.980441886296918419e-01
7.977242907039450159e-01
7.974124820553054604e-01
7.971081882224851922e-01
7.968111634238167484e-01
7.965164772250785674e-01
7.962051727915284705e-01
7.959010686692784553e-01
7.956044578928281874e-01
7.953145350779430300e-01
7.950307058048234898e-01
7.947532869808584532e-01
7.944723901049184356e-01
7.941781432416684661e-01
7.938906892883030864e-01
7.936097319606145728e-01
7.933343706406470464e-01
7.930650245828644307e-01
7.928011652403138543e-01
7.925388492241888239e-01
7.922576130492942070e-01
7.919829719940739698e-01
7.917139493436361475e-01
7.914508872239810477e-01
7.911934691095385830e-01
7.909413155785280924e-01
7.906945249617896021e-01
7.904397810381960099e-01
7.901753524882554336e-01
7.899165897096235289e-01
7.896634132337466694e-01
7.894152730606401880e-01
7.891721497207971892e-01
7.889343842954825714e-01
7.887012692710441142e-01
7.884606166708513220e-01
7.882088400760128843e-01
7.879622333480563734e-01
7.877208267343115411e-01
7.874850372209591942e-01
7.872540578677355017e-01
7.870278262265524294e-01
7.868064866357940002e-01
7.865893043908630533e-01
7.863512751177937909e-01
7.861151802243343534e-01
7.858839431603084069e-01
7.856575766269308092e-01
7.854361898436319489e-01
7.852189984332930139e-01
7.850058903863411652e-01
7.847975302988294821e-01
7.845932125325376649e-01
7.843695423776397835e-01
7.841461155732434296e-01
7.839272521439718533e-01
7.837126122315245524e-01
7.835029620976051712e-01
7.832976740885865263e-01
7.830969455278585789e-01
7.829007282302291593e-01
7.827081486106715058e-01
7.825136639952422479e-01
7.822997649180036817e-01
7.820904725144399716e-01
7.818860526159322477e-01
7.816863966530367414e-01
7.814906297271605462e-01
7.812981305673633026e-01
7.811097935030413275e-01
7.809253635387546355e-01
7.807451764495934032e-01
7.805691796277153260e-01
7.803699435996771516e-01
7.801720499855451241e-01
7.799785623553632252e-01
7.797894099022708581e-01
7.796050170156250125e-01
7.794250445072959943e-01
7.792486032511075633e-01
7.790748523458442820e-01
7.789044361755760315e-01
7.787375708683345055e-01
7.785748387189158626e-01
7.783918548684308769e-01
7.782072630653151801e-01
7.780257884400763047e-01
7.778479742027337718e-01
7.776743113896884552e-01
7.775052137642681771e-01
7.773397609742885850e-01
7.771769367960935648e-01
7.770166144481442938e-01
7.768593713455868022e-01
7.767061907920190800e-01
7.765570239022507870e-01
7.763841170567472583e-01
7.762120697384631285e-01
7.760432981156275556e-01
7.758781397849336958e-01
7.757178466356893232e-01
7.755617585061252983e-01
7.754086492037356448e-01
7.752576838755386168e-01
7.751090850933821663e-01
7.749633772154606026e-01
7.748217459156896414e-01
7.746831645922183096e-01
7.745464829704969967e-01
7.743832285227171264e-01
7.742221487633500487e-01
7.740649399903214434e-01
7.739122669186716541e-01
7.737628805856040515e-01
7.736157176796386592e-01
7.734707575094914578e-01
7.733284432800570096e-01
7.731899766980521171e-01
7.730554314189204135e-01
7.729234893357151970e-01
7.727932793346818929e-01
7.726649344920015761e-01
7.725392758103063473e-01
7.723890265120124665e-01
7.722422006403943939e-01
7.720981894379658206e-01
7.719564598798774879e-01
7.718171339612495130e-01
7.716815588740417731e-01
7.715501985760073733e-01
7.714223379125194624e-01
7.712965038077949087e-01
7.711725163270646277e-01
7.710505724201082156e-01
7.709323485264928388e-01
7.708176207538618430e-01
7.707055415582835245e-01
7.705947820708116680e-01
7.704715687763458165e-01
7.703355619087590700e-01
7.702039984860956645e-01
7.700762880938356592e-01
7.699514558988169721e-01
7.698284901891799814e-01
7.697076662376444167e-01
7.695900220189281216e-01
7.694763126352949234e-01
7.693659635994836155e-01
7.692578985112203949e-01
7.691515401741861879e-01
7.690473497682831505e-01
7.689462809538134547e-01
7.688485630820269812e-01
7.687534810949017139e-01
7.686599991123830300e-01
7.685678911712381378e-01
7.684596977661625195e-01
7.683437805602939541e-01
7.682315973940633258e-01
7.681223077771658359e-01
7.680151764778634371e-01
7.679105339235711147e-01
7.678093836142122486e-01
7.677112434961884668e-01
7.676162892226510159e-01
7.675235823452861705e-01
7.674327870400310392e-01
7.673447653585796502e-01
7.672594578311257019e-01
7.671764171436034063e-01
7.670957070083495033e-01
7.670166515259734252e-01
7.669395161518908210e-01
7.668650889607642185e-01
7.667924101934491254e-01
7.667214565115056946e-01
7.666521113278234045e-01
7.665841960890222850e-01
7.665145127547712267e-01
7.664247500920332579e-01
7.663387804329615527e-01
7.662568207210905813e-01
7.661787304311455937e-01
7.661049089938654078e-01
7.660358824864295091e-01
7.659703387998719748e-01
7.659075478257045821e-01
7.658478701479222162e-01
7.657917283207178460e-01
7.657405114535705826e-01
7.656935368414252707e-01
7.656496175757234735e-01
7.656085152220382106e-01
7.655711015994334234e-01
7.655384528514281861e-01
7.655106739617694167e-01
7.654861861275386037e-01
7.654641196533762404e-01
7.654442784838155767e-01
7.654284742863247670e-01
7.654179492277065622e-01
7.654115197150471728e-01
7.654077756577010172e-01
7.654062546491225971e-01
7.654074519174765001e-01
7.654136388199257457e-01
7.654243657612924689e-01
7.654381343808231986e-01
7.654540318180437231e-01
7.654716950423279265e-01
7.654930612141002122e-01
7.655199681176851900e-01
7.655509160353569653e-01
7.655845102567341298e-01
7.656201312092448807e-01
7.656576740051879160e-01
7.656997952686380726e-01
7.657465238862517509e-01
7.657962592014144754e-01
7.658480013820497811e-01
7.659013679908488470e-01
7.659575018879986041e-01
7.660189974694701087e-01
7.660845267392918378e-01
7.661528245693300931e-01
7.662231955428322472e-01
7.662954448784902173e-01
7.663712945936346221e-01
7.664517936127508424e-01
7.665352251163580766e-01
7.666495617652931971e-01
7.667655506748348726e-01
7.668833890684374488e-01
7.670048126759110296e-01
7.671293104005590946e-01
7.672555857839307158e-01
7.673832498341375263e-01
7.675121431173804742e-01
7.676438991282431568e-01
7.677786758292373115e-01
7.679154317684401265e-01
7.680539035197199160e-01
7.681937970107675095e-01
7.683361764998903887e-01
7.684817118714597495e-01
7.686467161795021985e-01
7.688253815151295800e-01
7.690047347383517362e-01
7.691848386578582497e-01
7.693669471501308754e-01
7.695502434378651557e-01
7.697344933905860831e-01
7.699198844780691386e-01
7.701064492552369689e-01
7.702949790663530250e-01
7.704854214637131271e-01
7.706966497209913891e-01
7.709178169956260041e-01
7.711391226881905148e-01
7.713607914278922673e-01
7.715835265912976970e-01
7.718061244155545175e-01
7.720288703647815165e-01
7.722521294331822217e-01
7.724761225121700159e-01
7.727197705957024043e-01
7.729746715273470015e-01
7.732284709692202052e-01
7.734819003650448277e-01
7.737350064755017520e-01
7.739881003295380202e-01
7.742415382899126008e-01
7.744942761488963212e-01
7.747678322675389806e-01
7.750488706056157806e-01
7.753290327651903846e-01
7.756089466045447134e-01
7.758876839296620087e-01
7.761645058663826369e-01
7.764399322501385203e-01
7.767294543434244414e-01
7.770312073292277022e-01
7.773313420288741060e-01
7.776292089685614695e-01
7.779250334001222011e-01
7.782192627505892801e-01
7.785116256793805922e-01
7.788255077531339721e-01
7.791436668388072029e-01
7.794591190237940559e-01
7.797717906235074325e-01
7.800819865806396525e-01
7.803897488883462241e-01
7.807067698613051610e-01
7.810393907719949125e-01
7.813688083755206959e-01
7.816952936622237891e-01
7.820188532882138555e-01
7.823400298754827897e-01
7.826654861102635419e-01
7.830105574082573128e-01
7.833515376188291413e-01
7.836889567688402058e-01
7.840228171107098687e-01
7.843540879009469613e-01
7.846904250449712181e-01
7.850439989119019080e-01
7.853932532416902923e-01
7.857387946263165723e-01
7.860809847825819263e-01
7.864202573803944496e-01
7.867696559351597951e-01
7.871294138441308208e-01
7.874847082897431516e-01
7.878357353881902947e-01
7.881832907460319948e-01
7.885270835086852781e-01
7.888900721840288455e-01
7.892527116003679177e-01
7.896108998483162278e-01
7.899650533835835819e-01
7.903155543714310838e-01
7.906664821405060550e-01
7.910355317809528719e-01
7.913993738609843565e-01
7.917585277621859152e-01
7.921135555390490524e-01
7.924639504460821993e-01
7.928265014112132469e-01
7.931934444859376487e-01
7.935554068329551125e-01
7.939127212010120838e-01
7.942656625350659194e-01
7.946139989543214988e-01
7.949834087255714943e-01
7.953472059425737983e-01
7.957059751488223531e-01
7.960599338756260135e-01
7.964079130367696102e-01
7.967608790339704150e-01
7.971227700618823686e-01
7.974784543733633990e-01
7.978278064462638319e-01
7.981711925727608126e-01
7.985076940535766887e-01
7.988560939870007482e-01
7.992069923249787156e-01
7.995515092317820871e-01
7.998896827930731535e-01
8.002214767377533455e-01
8.005462284100592907e-01
8.008861259229034246e-01
8.012259376122086163e-01
8.015587392388940913e-01
8.018848846880543002e-01
8.022040931297775845e-01
8.025160516131394361e-01
8.028408304858307698e-01
8.031680073086929772e-01
8.034877354991003529e-01
8.038005559980290204e-01
8.041061721668776308e-01
8.044048506826722011e-01
8.047051751053768687e-01
8.050190684849409806e-01
8.053254783965738683e-01
8.056247410990460267e-01
8.059167424382788214e-01
8.062022336255648680e-01
8.064812205546032509e-01
8.067664752500355307e-01
8.070593861477584063e-01
8.073448047638178693e-01
8.076230929665128011e-01
8.078947185651276230e-01
8.081591505286412902e-01
8.084161074980098505e-01
8.086699011958904393e-01
8.089415542641448242e-01
8.092062949361523705e-01
8.094638088567222001e-01
8.097133951476027658e-01
8.099552659444904101e-01
8.101902730691993293e-01
8.104189374489617625e-01
8.106424222945569635e-01
8.108859995104209517e-01
8.111213727549988484e-01
8.113491408136681571e-01
8.115701339683732973e-01
8.117849051326617715e-01
8.119931946379146392e-01
8.121942855806723038e-01
8.123875920000842576e-01
8.125745296940545259e-01
8.127746405162338261e-01
8.129774807566441108e-01
8.131731709966721899e-01
8.133607720261143426e-01
8.135403970323403788e-01
8.137136532508131292e-01
8.138811568602327684e-01
8.140426211152503866e-01
8.141971942055170608e-01
8.143441103765420852e-01
8.144842496609449034e-01
8.146192297795449289e-01
8.147733402176443596e-01
8.149243012017314269e-01
8.150674278547901386e-01
8.152025194298915256e-01
8.153311473005653287e-01
8.154543808089809165e-01
8.155717639025497068e-01
8.156824074100932354e-01
8.157857000557635629e-01
8.158819570815726285e-01
8.159732791152636278e-01
8.160597182187275811e-01
8.161406063376568376e-01
8.162150369111029757e-01
8.162827429580623573e-01
8.163448403180223467e-01
8.164026648306954570e-01
8.164556701962238927e-01
8.165030480788003642e-01
8.165441249829982207e-01
8.165790725153116991e-01
8.166093754684228267e-01
8.166364058503678969e-01
8.166848854659808365e-01
8.167269969450101641e-01
8.167620412954141873e-01
8.167910023656772545e-01
8.168147972196934115e-01
8.168335300570019886e-01
8.168466314236739745e-01
8.168535191586584476e-01
8.168547560932178930e-01
8.168507630793021557e-01
8.168422850337468955e-01
8.168291016284489059e-01
8.168105486207895005e-01
8.167864065360216363e-01
8.167573717935223687e-01
8.167232637596483213e-01
8.166849510273633816e-01
8.166419689167530027e-01
8.165723783147849080e-01
8.164927969535089591e-01
8.164093969067205414e-01
8.163222306074991996e-01
8.162320393281783382e-01
8.161377224442366574e-01
8.160408944940517051e-01
8.159421126789437873e-01
8.158408786042701255e-01
8.157377583260491116e-01
8.156329753682904915e-01
8.155258529997402306e-01
8.154170730832195346e-01
8.153057197970356995e-01
8.151914222838584356e-01
8.150751838373884173e-01
8.149570940944860231e-01
8.148377833873010623e-01
8.147168517694884926e-01
8.145874794201026781e-01
8.144347464246237678e-01
8.142818828561534383e-01
8.141288329230595977e-01
8.139760123820312110e-01
8.138221383493180472e-01
8.136669739522844891e-01
8.135107370220514555e-01
8.133545343063718347e-01
8.131987157650868436e-01
8.130428324478173874e-01
8.128856754385377359e-01
8.127273461248007980e-01
8.125587398106860482e-01
8.123721971649072726e-01
8.121867395586108707e-01
8.120015802820552686e-01
8.118162985876243853e-01
8.116309413971094511e-01
8.114462058837852432e-01
8.112633165295441984e-01
8.110811761013954069e-01
8.108988209209838649e-01
8.107160484551096946e-01
8.105207893284006593e-01
8.103112972828733218e-01
8.101039796068304488e-01
8.098980058866118714e-01
8.096927072484554344e-01
8.094880606251051436e-01
8.092844475150975381e-01
8.090833368328447239e-01
8.088836092889361007e-01
8.086845418305694810e-01
8.084683502643440489e-01
8.082428992827462855e-01
8.080199993486700816e-01
8.078001488392319018e-01
8.075821684365898090e-01
8.073656144145653357e-01
8.071502130812727716e-01
8.069366321690365496e-01
8.067252620242163497e-01
8.065039175789511239e-01
8.062681747108997321e-01
8.060343931949643936e-01
8.058030146585223319e-01
8.055743725236943487e-01
8.053487276948556595e-01
8.051254443516803194e-01
8.049041062166432114e-01
8.046845404332259033e-01
8.044499503621733716e-01
8.042074035899863249e-01
8.039679342201272449e-01
8.037311815136611859e-01
8.034968595484786036e-01
8.032656972388664274e-01
8.030374250393410573e-01
8.028114852094005993e-01
8.025872915085768833e-01
8.023386196565597261e-01
8.020931370894580636e-01
8.018513677376550852e-01
8.016123459745561064e-01
8.013761442680757963e-01
8.011431017996070159e-01
8.009129980191004305e-01
8.006865410838068797e-01
8.004467942817267145e-01
8.001977613981973159e-01
7.999523909540785516e-01
7.997106027346841950e-01
7.994725199231970114e-01
7.992382002542446351e-01
7.990065952039705488e-01
7.987773342394522968e-01
7.985465939738726204e-01
7.982961457424365692e-01
7.980505338761103573e-01
7.978087353623312117e-01
7.975698720771655648e-01
7.973343361782608829e-01
7.971023584287494357e-01
7.968742072012363620e-01
7.966497236883877120e-01
7.964087497057720233e-01
7.961618423209371187e-01
7.959191356733016365e-01
7.956804406170454591e-01
7.954459350142979446e-01
7.952145988023281431e-01
7.949859157978379498e-01
7.947598578073110653e-01
7.945318197593137510e-01
7.942839519395199499e-01
7.940401892665398531e-01
7.937997095711256668e-01
7.935625245568331820e-01
7.933288715516374490e-01
7.930987527106194701e-01
7.928727427589694621e-01
7.926500153381403901e-01
7.924110279319682704e-01
7.921661578750993637e-01
7.919252658701657621e-01
7.916885554476288389e-01
7.914559642351622903e-01
7.912268073736092866e-01
7.910008838610923521e-01
7.907782961255032106e-01
7.905568722701704631e-01
7.903134022182348728e-01
7.900743143315192007e-01
7.898391461228577715e-01
7.896074048888230834e-01
7.893795959459785072e-01
7.891558199251429429e-01
7.889362688355731068e-01
7.887203362532668738e-01
7.884993954009127393e-01
7.882610626853969737e-01
7.880271926930056958e-01
7.877981366833666232e-01
7.875735595850337223e-01
7.873527479909592230e-01
7.871350473048572827e-01
7.869210572888446498e-01
7.867110155723693321e-01
7.864972990666494468e-01
7.862668012520774852e-01
7.860399217981689501e-01
7.858165071882854402e-01
7.855974146637755284e-01
7.853828957550877954e-01
7.851728010450933493e-01
7.849662453866156353e-01
7.847622980100920076e-01
7.845616950302487513e-01
7.843370931428352844e-01
7.841168469912432881e-01
7.839009705340932443e-01
7.836884492525797441e-01
7.834791085709938985e-01
7.832740369974360295e-01
7.830733765590603968e-01
7.828768485740594807e-01
7.826834263798433389e-01
7.824829046524686138e-01
7.822667167995809301e-01
7.820551598420520945e-01
7.818485177825378329e-01
7.816457411569462943e-01
7.814459260223781678e-01
7.812494443667601374e-01
7.810571645895658666e-01
7.808691351690804083e-01
7.806850546122733325e-01
7.804958956876454357e-01
7.802886757171975107e-01
7.800860369952115070e-01
7.798876971764905353e-01
7.796939737382433400e-01
7.795039008264444957e-01
7.793167603697321866e-01
7.791333905679030947e-01
7.789537818487808352e-01
7.787778128348636919e-01
7.786055406137967205e-01
7.784163423202752341e-01
7.782213059571322367e-01
7.780308107732695211e-01
7.778441734501911897e-01
7.776616499424693352e-01
7.774829067149584549e-01
7.773072884539072858e-01
7.771358281654552336e-01
7.769679504318822705e-01
7.768031659524713417e-01
7.766419206790600160e-01
7.764724877940589742e-01
7.762885946223520017e-01
7.761093665331202374e-01
7.759337028969901517e-01
7.757614178096482460e-01
7.755928405579994855e-01
7.754275927393976531e-01
7.752665286176140258e-01
7.751085751887791808e-01
7.749528681523685236e-01
7.747997214663523424e-01
7.746491807606701308e-01
7.744940804827700198e-01
7.743214791127671637e-01
7.741518503337218027e-01
7.739847580385486037e-01
7.738207980868978542e-01
7.736605218658099137e-01
7.735048213431007236e-01
7.733523261211544542e-01
7.732020683908300551e-01
7.730540344325238511e-01
7.729091311723554902e-01
7.727685442520862980e-01
7.726313466985820222e-01
7.724866980411921880e-01
7.723242405609350714e-01
7.721647431056185562e-01
7.720098427248542894e-01
7.718595197442966738e-01
7.717123211229548474e-01
7.715673160266807162e-01
7.714241982273388754e-01
7.712845569609898533e-01
7.711495760895632490e-01
7.710178916580725517e-01
7.708883147041943884e-01
7.707603389529095184e-01
7.706341726874125220e-01
7.705072307665018494e-01
7.703597074902833741e-01
7.702152700978212030e-01
7.700731284284847433e-01
7.699329187865996404e-01
7.697966954047856802e-01
7.696650145235193197e-01
7.695364171821033050e-01
7.694100906594276701e-01
7.692856631942587287e-01
7.691637697372113447e-01
7.690464601903943542e-01
7.689325933851479666e-01
7.688210580250850468e-01
7.687113040493036564e-01
7.686033429295238140e-01
7.684890720334131009e-01
7.683588844367336135e-01
7.682318942795505201e-01
7.681074760114541267e-01
7.679854382509941901e-01
7.678666351088673236e-01
7.677516818307443813e-01
7.676400820429752914e-01
7.675309440080753109e-01
7.674240327259573835e-01
7.673200533424729963e-01
7.672190643555996115e-01
7.671214751855268688e-01
7.670263560608837627e-01
7.669332821713228387e-01
7.668425969852535884e-01
7.667545882438724369e-01
7.666688089915550952e-01
7.665855717247435086e-01
7.664944672831491834e-01
7.663857157094200456e-01
7.662806062793312556e-01
7.661780130536054445e-01
7.660781534842494578e-01
7.659809029388794377e-01
7.658860005474837918e-01
7.657956810855601759e-01
7.657098099296389959e-01
7.656275294473429138e-01
7.655493115453133601e-01
7.654747961913134224e-01
7.654047480268046932e-01
7.653391161522694608e-01
7.652764059653697215e-01
7.652165318672528027e-01
7.651600027617636579e-01
7.651073781465351775e-01
7.650597569790487107e-01
7.650157028340694998e-01
7.649745927697874093e-01
7.649368632116336775e-01
7.649031329538156232e-01
7.648745634075754252e-01
7.648499765350488255e-01
7.648281375052012887e-01
7.648088390202684161e-01
7.647929817700117594e-01
7.647820844858556066e-01
7.647758768375277905e-01
7.647728311187129702e-01
7.647724684130955408e-01
7.647748909772336123e-01
7.647816072925566200e-01
7.647932465679757597e-01
7.648083259712753490e-01
7.648260861498723528e-01
7.648465010161271671e-01
7.648708907981509597e-01
7.649006920378571550e-01
7.649346337005157315e-01
7.649715782534498576e-01
7.650111712640662587e-01
7.650536266497821591e-01
7.651009430331675576e-01
7.651524381951479992e-01
7.652068119478792063e-01
7.652638848488716450e-01
7.653237873767892996e-01
7.653880900673480925e-01
7.654572208286828383e-01
7.655298136409165455e-01
7.656053288381361455e-01
7.656834430252643653e-01
7.657648727942929501e-01
7.658508535205750256e-01
7.659403027379280138e-01
7.660327252299825584e-01
7.661279228345679870e-01
7.662261303435248250e-01
7.663284311941624960e-01
7.664347007949577906e-01
7.665449409637115075e-01
7.666860645688653442e-01
7.668289257840783524e-01
7.669740289769162445e-01
7.671220912418493798e-01
7.672725708999736938e-01
7.674251706812285079e-01
7.675794897600954902e-01
7.677360036358336082e-01
7.678951955440233013e-01
7.680571827729769652e-01
7.682212549150331249e-01
7.683869319085272487e-01
7.685565182101632420e-01
7.687553504491723144e-01
7.689561892541074695e-01
7.691587231753109766e-01
7.693624020295943833e-01
7.695669264403651733e-01
7.697727711582984522e-01
7.699801431364013959e-01
7.701894885205999852e-01
7.704001286451727104e-01
7.706196696927135603e-01
7.708614655360943591e-01
7.711038071411913108e-01
7.713473880087089452e-01
7.715920960028981312e-01
7.718370028794164783e-01
7.720822924230104078e-01
7.723281066395919492e-01
7.725769694968963597e-01
7.728542304709897781e-01
7.731309984508334399e-01
7.734069602657124287e-01
7.736829132159073197e-01
7.739586857388786045e-01
7.742351404369950396e-01
7.745118419130903042e-01
7.748121014179301103e-01
7.751168043302412158e-01
7.754203424020599256e-01
7.757228939076320495e-01
7.760245680912917221e-01
7.763242151012896830e-01
7.766279767414794311e-01
7.769548323569694936e-01
7.772792741571142860e-01
7.776023166674304044e-01
7.779232420887322030e-01
7.782421530020667833e-01
7.785595593039498219e-01
7.789031566266769735e-01
7.792448568820516952e-01
7.795839816225176300e-01
7.799201845827160584e-01
7.802546521766340337e-01
7.805877027121692624e-01
7.809459752224940932e-01
7.813017196825495780e-01
7.816539973537252051e-01
7.820037069277645525e-01
7.823505027942084800e-01
7.827031681845061373e-01
7.830725147420827259e-01
7.834378129959725934e-01
7.837997560063753033e-01
7.841585548180217691e-01
7.845134532298729813e-01
7.848875498585488053e-01
7.852641713782190225e-01
7.856366770392918530e-01
7.860055064443665085e-01
7.863699551964924428e-01
7.867410968264659799e-01
7.871262573424785414e-01
7.875065407443303522e-01
7.878826738933718543e-01
7.882540516796864294e-01
7.886228893407053464e-01
7.890144097675397816e-01
7.894007398860616309e-01
7.897823219742533540e-01
7.901587080209508951e-01
7.905297430976898632e-01
7.909202182494244893e-01
7.913103054750003640e-01
7.916947081934773145e-01
7.920735143518772281e-01
7.924463390080824787e-01
7.928308572795491616e-01
7.932224218274156469e-01
7.936078723849256944e-01
7.939875781723864101e-01
7.943607649730977105e-01
7.951096116559874805e-01
