9.397020620643257161e-01
9.353675677015453882e-01
9.311862019523512446e-01
9.271105515790453167e-01
9.231376572642412404e-01
9.192636022040002741e-01
9.154970898458136830e-01
9.118629069400118192e-01
9.083583223391737960e-01
9.049776143917657167e-01
9.017155781817021154e-01
8.985690190421182777e-01
8.955298490279582913e-01
8.925983783661083359e-01
8.897655270412856421e-01
8.870333442478199881e-01
8.843943178947994976e-01
8.818439729050798759e-01
8.793819535880927907e-01
8.770052195138853257e-01
8.747067393314779116e-01
8.724795330586689879e-01
8.703239516816912991e-01
8.682371540988201852e-01
8.662159678448793088e-01
8.642598335869948745e-01
8.623655869962165710e-01
8.605301719316540421e-01
8.587516618427485371e-01
8.570273132948585948e-01
8.553545594293441301e-01
8.537305686045619790e-01
8.521545649749511231e-01
8.506256335270057090e-01
8.491353555429226319e-01
8.476901927167790340e-01
8.462891872576187025e-01
8.449259729558358245e-01
8.435988328616043086e-01
8.423146318129534071e-01
8.410631638970685886e-01
8.398467811839215313e-01
8.386706424115314418e-01
8.375174323670511178e-01
8.364061855894273645e-01
8.353171305153593851e-01
8.342616528936602771e-01
8.332293214172944440e-01
8.322269766150456327e-01
8.312469270358264772e-01
8.302960747205293535e-01
8.293640912134552234e-01
8.284634116452345154e-01
8.275755306417644785e-01
8.267218865400137728e-01
8.258777695165853139e-01
8.250628634686415497e-01
8.242678822045947928e-01
8.234881193049654602e-01
8.227383349557839676e-01
8.219951236246114679e-01
8.212757508168729847e-01
8.205830589075462367e-01
8.198909916541006204e-01
8.192251645243174840e-01
8.185839162437391625e-01
8.179411719028431005e-01
8.173227508844058686e-01
8.167279658997498304e-01
8.161347161156194963e-01
8.155570474520379420e-01
8.150001182803590094e-01
8.144555962017229200e-01
8.139107856315818124e-01
8.133854861049570895e-01
8.128789364305286647e-01
8.123787095315688767e-01
8.118805649398087576e-01
8.114001889358416486e-01
8.109369057235116252e-01
8.104838599251535936e-01
8.100255937993879884e-01
8.095836280455873668e-01
8.091573343910537508e-01
8.087461024425790512e-01
8.083320545103933608e-01
8.079223270004973756e-01
8.075270711456709050e-01
8.071457132261800060e-01
8.067777362331927105e-01
8.064094344872022591e-01
8.060395662066894840e-01
8.056827160994398662e-01
8.053383759997324587e-01
8.050060686492478412e-01
8.046853463160519304e-01
8.043555725638467102e-01
8.040296813298742906e-01
8.037151338050142479e-01
8.034114980215923962e-01
8.031183673212997087e-01
8.028353670221867189e-01
8.025586020208839155e-01
8.022669757728444484e-01
8.019854281844079891e-01
8.017136071367227945e-01
8.014511509238018139e-01
8.011977081073743401e-01
8.009529177527822119e-01
8.007164491260895245e-01
8.004760259313301596e-01
8.002277304563808480e-01
7.999879205795841219e-01
7.997562631274667266e-01
7.995324446459999290e-01
7.993161943928386304e-01
7.991072815956915543e-01
7.989054178215427848e-01
7.987103191225229937e-01
7.985111328278696741e-01
7.983011123263398234e-01
7.980981976464625038e-01
7.979021078873901329e-01
7.977125589732780853e-01
7.975293059197239298e-01
7.973521289027126757e-01
7.971808015557885208e-01
7.970150970675713431e-01
7.968548232257907094e-01
7.966997829139197407e-01
7.965434286075315784e-01
7.963703727294769719e-01
7.962030781181476113e-01
7.960413068748205534e-01
7.958848323573529671e-01
7.957332576674144287e-01
7.955863018338122927e-01
7.954438072252830727e-01
7.953055960098373012e-01
7.951715024914470797e-01
7.950413849588146009e-01
7.949151541962118372e-01
7.947926931407849338e-01
7.946738588452246788e-01
7.945521240401722807e-01
7.944120770040449253e-01
7.942762930675941746e-01
7.941446360609542010e-01
7.940169609007332596e-01
7.938931148743036958e-01
7.937729533209070265e-01
7.936563413724816440e-01
7.935431453113738209e-01
7.934332460095130379e-01
7.933265220828147335e-01
7.932228994021730539e-01
7.931222755014510906e-01
7.930245426316648860e-01
7.929296043465248189e-01
7.928373647399676871e-01
7.927477235377365927e-01
7.926605950562428671e-01
7.925737054222200539e-01
7.924631389453451469e-01
7.923557609304822114e-01
7.922515451572581524e-01
7.921503731054972963e-01
7.920521372870170662e-01
7.919567416593659148e-01
7.918640867141482076e-01
7.917740914125117602e-01
7.916866760622526256e-01
7.916017442427493167e-01
7.915192131934079001e-01
7.914390078289703645e-01
7.913610620043246557e-01
7.912853003200001067e-01
7.912116423061824610e-01
7.911400051918576759e-01
7.910703238730695253e-01
7.910025321284643862e-01
7.909365677802810968e-01
7.908723622252563645e-01
7.908098433252107595e-01
7.907489532053828540e-01
7.906896385607296018e-01
7.906318501067978177e-01
7.905733430225235780e-01
7.904901760916628328e-01
7.904093411102254274e-01
7.903308567558090525e-01
7.902546463689378298e-01
7.901806320639436221e-01
7.901087464497830171e-01
7.900389133735186142e-01
7.899710502597768746e-01
7.899050856702515278e-01
7.898409606424615648e-01
7.897786136737511287e-01
7.897179825003586284e-01
7.896590086011616716e-01
7.896016168457663520e-01
7.895457408383278475e-01
7.894913335600038939e-01
7.894383492484552400e-01
7.893867436185256770e-01
7.893364715671893350e-01
7.892874856006286688e-01
7.892397347281155939e-01
7.891931781187149220e-01
7.891477944839644376e-01
7.891035453502202035e-01
7.890603947259029471e-01
7.890183075789408695e-01
7.889772616917809511e-01
7.889372191238980259e-01
7.888981450606064039e-01
7.888600125279570108e-01
7.888227937164178361e-01
7.887864599804640386e-01
7.887509887067425396e-01
7.887163514138645359e-01
7.886825118026761228e-01
7.886494437238948940e-01
7.886171232577844359e-01
7.885855249416340307e-01
7.885353216994851477e-01
7.884772712212992918e-01
7.884208962455993008e-01
7.883661330633835451e-01
7.883129295717538065e-01
7.882612369279772269e-01
7.882110074988039061e-01
7.881621969959775598e-01
7.881147606030813879e-01
7.880686649196059212e-01
7.880238667652954554e-01
7.879803199978526740e-01
7.879379852971521991e-01
7.878968350248608532e-01
7.878568321998850044e-01
7.878179358617166672e-01
7.877800989015535382e-01
7.877432854230330683e-01
7.877074664920368230e-01
7.876726134775379196e-01
7.876386967055327704e-01
7.876056901264382182e-01
7.875735633112515011e-01
7.875422799451072819e-01
7.875118204685973566e-01
7.874821667823718174e-01
7.874532958984687969e-01
7.874251842214878838e-01
7.873978086153811118e-01
7.873711332148378705e-01
7.873451254411693023e-01
7.873197679016767925e-01
7.872950408865829752e-01
7.872709272869614638e-01
7.872474134514857447e-01
7.872244830518243530e-01
7.872021098202642841e-01
7.871802803775155288e-01
7.871589862473158394e-01
7.871382246325911991e-01
7.871179972918116441e-01
7.870983001962229553e-01
7.870791239968880637e-01
7.870604438175040629e-01
7.870422452962511084e-01
7.870245147640282379e-01
7.870072382909205633e-01
7.869904055066163640e-01
7.869740007079002453e-01
7.869579997377862401e-01
7.869423859675263033e-01
7.869271522172364142e-01
7.869122931770219376e-01
7.868978042628612668e-01
7.868836840839339430e-01
7.868699326574312147e-01
7.868565478449183193e-01
7.868435335209629233e-01
7.868308803773719218e-01
7.868185760443642263e-01
7.868066101053650119e-01
7.867949723251784766e-01
7.867836500276066403e-01
7.867726261030573154e-01
7.867618887620517754e-01
7.867514284328818164e-01
7.867412360716317110e-01
7.867313032731723110e-01
7.867216222635684542e-01
7.867121856548856540e-01
7.867029791257820204e-01
7.866939930559387895e-01
7.866852215559747563e-01
7.866768664908803110e-01
7.866690888400464932e-01
7.866618727031409186e-01
7.866552024169898294e-01
7.866490554945413383e-01
7.866434087201712444e-01
7.866382450588118580e-01
7.866335478018913197e-01
7.866293014906272640e-01
7.866254934644105745e-01
7.866221387566494361e-01
7.866193102014201743e-01
7.866170120565517676e-01
7.866152493981547478e-01
7.866140323516264132e-01
7.866133704860958087e-01
7.866132627380276743e-01
7.866136913561913024e-01
7.866146388695158809e-01
7.866160882410198063e-01
7.866180283137869100e-01
7.866205138890107751e-01
7.866235624659437820e-01
7.866271634663090095e-01
7.866313071365699239e-01
7.866359861218513716e-01
7.866411975363293285e-01
7.866469287913248065e-01
7.866531671235977852e-01
7.866599092704174012e-01
7.866671558638576034e-01
7.866749462746467358e-01
7.866833205907227677e-01
7.866922705079786304e-01
7.867017770670298171e-01
7.867118239676028635e-01
7.867224001301135194e-01
7.867334957757824432e-01
7.867450995325477869e-01
7.867572009137984157e-01
7.867697916840080685e-01
7.867828800579291793e-01
7.867965065124677970e-01
7.868106922550117677e-01
7.868254326257109188e-01
7.868407223908255865e-01
7.868565539336177528e-01
7.868729175374256091e-01
7.868897978544867611e-01
7.869071780695682250e-01
7.869250461020254050e-01
7.869433982886727685e-01
7.869622859311883323e-01
7.869817512135803828e-01
7.870017892446778962e-01
7.870223882836675511e-01
7.870435337154452204e-01
7.870652139061378172e-01
7.870874181603070285e-01
7.871101380616668530e-01
7.871333643710560768e-01
7.871570930200638694e-01
7.871813539041079277e-01
7.872061627909087145e-01
7.872315226304795743e-01
7.872574134275867053e-01
7.872838203100832599e-01
7.873107279314075502e-01
7.873381226752559359e-01
7.873659905712987461e-01
7.873943195029281528e-01
7.874231005473579792e-01
7.874523657689344036e-01
7.874821231708993841e-01
7.875123855312332610e-01
7.875431423011716170e-01
7.875743816234547223e-01
7.876060815243218771e-01
7.876382198114412203e-01
7.876707802427922456e-01
7.877037488836922119e-01
7.877371148374913146e-01
7.877708947173531762e-01
7.878050893913681740e-01
7.878397112917833178e-01
7.878747578671253526e-01
7.879102161907077795e-01
7.879460732729172134e-01
7.879823184587110285e-01
7.880189424658998743e-01
7.880559337837723666e-01
7.880932740561634731e-01
7.881309626773465027e-01
7.881690204774723929e-01
7.882074395260579847e-01
7.882462281465448806e-01
7.882853725585642346e-01
7.883248623389994547e-01
7.883646839880520396e-01
7.884048205513177754e-01
7.884452548289873075e-01
7.884859750461433725e-01
7.885269764291513717e-01
7.885682830430800205e-01
7.886306902135749031e-01
7.887004970509517987e-01
7.887696087790728727e-01
7.888380451844099195e-01
7.889058210705953700e-01
7.889729498347035630e-01
7.890394501019362128e-01
7.891053390654981792e-01
7.891706329594138092e-01
7.892353497781214866e-01
7.892995387608386926e-01
7.893632364340358309e-01
7.894264571564569843e-01
7.894892296726940817e-01
7.895515659427615462e-01
7.896134723285406221e-01
7.896749517760726089e-01
7.897360101139129229e-01
7.897966564415430657e-01
7.898568980643024817e-01
7.899167425577410251e-01
7.899762001403477507e-01
7.900353108327824447e-01
7.900940861030372186e-01
7.901525288757714760e-01
7.902106581124872520e-01
7.902684826570829379e-01
7.903260045942192002e-01
7.903832264074795999e-01
7.904401468596673475e-01
7.904967644214686562e-01
7.905530762501224995e-01
7.906212766658844426e-01
7.907051034439673831e-01
7.907876153081913051e-01
7.908688739141218615e-01
7.909489130725769757e-01
7.910277686881557191e-01
7.911054830131416526e-01
7.911820873447759084e-01
7.912576100334541840e-01
7.913320747858917370e-01
7.914055011342946422e-01
7.914779103927093162e-01
7.915493241671335278e-01
7.916197597334994063e-01
7.916892376325024294e-01
7.917577760863696579e-01
7.918254177652263026e-01
7.918921987627224324e-01
7.919581320334219132e-01
7.920232299453507929e-01
7.920875165194659617e-01
7.921510100956332678e-01
7.922137248942918708e-01
7.922756714910359488e-01
7.923368558454123578e-01
7.923972845450298896e-01
7.924569639943846999e-01
7.925158988042121377e-01
7.925740936672299730e-01
7.926536760849058894e-01
7.927381380808996569e-01
7.928208835022507728e-01
7.929019813189959187e-01
7.929814891348054839e-01
7.930594468690020937e-01
7.931358916747549559e-01
7.932108572992245810e-01
7.932843774640069290e-01
7.933564790559747282e-01
7.934271903887500921e-01
7.934965403590943378e-01
7.935645603108524293e-01
7.936312787298984706e-01
7.936967206350623583e-01
7.937609096595793501e-01
7.938238664635343111e-01
7.938856102635210021e-01
7.939461626572157371e-01
7.940055444551006314e-01
7.940637743102983981e-01
7.941208719193282306e-01
7.941768750719840897e-01
7.942318144612555697e-01
7.942857024326003268e-01
7.943385521587715825e-01
7.943903723780164627e-01
7.944411733112729523e-01
7.944909665589459102e-01
7.945397637527199519e-01
7.945875767571077830e-01
7.946607019627318635e-01
7.947340953220507487e-01
7.948055508620559539e-01
7.948751148852137849e-01
7.949428295794648269e-01
7.950087293491070461e-01
7.950728441702307192e-01
7.951352071204670358e-01
7.951958556590064120e-01
7.952548268282391142e-01
7.953121558570639404e-01
7.953678771961859573e-01
7.954220219772757394e-01
7.954746171642653740e-01
7.955256937649836102e-01
7.955753056987262539e-01
7.956234856676333012e-01
7.956702613990047634e-01
7.957156624484537089e-01
7.957597148435185952e-01
7.958024382404688124e-01
7.958438456348412293e-01
7.958839539851273459e-01
7.959227811312703516e-01
7.959603011609023282e-01
7.959965003945485007e-01
7.960314002545267886e-01
7.960650246717938527e-01
7.960973956177705979e-01
7.961285322380359242e-01
7.961584549804533451e-01
7.961871821218031720e-01
7.962147319387009592e-01
7.962411261837977206e-01
7.962663858039010778e-01
7.962905237316832974e-01
7.963135489506281139e-01
7.963354691646731265e-01
7.963562965918565828e-01
7.963760430321290551e-01
7.963947201992652714e-01
7.964123401592846374e-01
7.964289166279383547e-01
7.964444627803966004e-01
7.964589944777934472e-01
7.964725423247639435e-01
7.964851214859578477e-01
7.964967447643943599e-01
7.965074281247869203e-01
7.965171835337875317e-01
7.965260153278674871e-01
7.965339277504993598e-01
7.965409244311446590e-01
7.965470051078802349e-01
7.965521712339475036e-01
7.965564264124406213e-01
7.965597730307685254e-01
7.965622144529761472e-01
7.965637576756914306e-01
7.965644111257498272e-01
7.965641848163795835e-01
7.965630857290938449e-01
7.965611262798917291e-01
7.965583231502352257e-01
7.965546951580275703e-01
7.965502483400818123e-01
7.965449830321293945e-01
7.965388987985526636e-01
7.965319971868448645e-01
7.965242742964817602e-01
7.965157293104173641e-01
7.965063624790924557e-01
7.964961749588830298e-01
7.964851686452231183e-01
7.964733452009653547e-01
7.964607069032447750e-01
7.964472551958958757e-01
7.964329861463645965e-01
7.964178987800970555e-01
7.964019978504511821e-01
7.963855172571779883e-01
7.963686089533598134e-01
7.963512655042455091e-01
7.963334762964514590e-01
7.963152301388538579e-01
7.962965114481861395e-01
7.962773094324986367e-01
7.962576179382802044e-01
7.962374311146453998e-01
7.962167454858677385e-01
7.961956147495791170e-01
7.961740962007756162e-01
7.961521954247541277e-01
7.961299233719743018e-01
7.961072966558833119e-01
7.960843324223791928e-01
7.960610378734956916e-01
7.960374041670024159e-01
7.960134201167659018e-01
7.959890761634647038e-01
7.959644044756845060e-01
7.959394586945571781e-01
7.959142346454931571e-01
7.958886970343149736e-01
7.958628265070788466e-01
7.958366270294991995e-01
7.958100877852990473e-01
7.957831985828283106e-01
7.957559635420308197e-01
7.957283884914975181e-01
7.957005221043526033e-01
7.956724297930584111e-01
7.956441104991750501e-01
7.956155578774304349e-01
7.955867641332904361e-01
7.955577188354757689e-01
7.955284158288028484e-01
7.954988523760878616e-01
7.954690285139135453e-01
7.954389431015976841e-01
7.954086442271011137e-01
7.953781840632845324e-01
7.953475639771644401e-01
7.953167824057282287e-01
7.952858390139289080e-01
7.952547321723535401e-01
7.952234644730106217e-01
7.951920349957952716e-01
7.951604379399690448e-01
7.951286689622611981e-01
7.950967823342550700e-01
7.950648038290831776e-01
7.950327257154206073e-01
7.950005434322321429e-01
7.949682531041754041e-01
7.949358517826958792e-01
7.949033366434200554e-01
7.948707072674968677e-01
7.948379630408264340e-01
7.948051063958841977e-01
7.947721995007382967e-01
7.947392672932178659e-01
7.947063119320193492e-01
7.946733261786075309e-01
7.946403019818043534e-01
7.946072327424653636e-01
7.945619763264046842e-01
7.945007905831334982e-01
7.944405353176486884e-01
7.943811814527036441e-01
7.943227582206254800e-01
7.942652424925975563e-01
7.942086035365666374e-01
7.941528094396321791e-01
7.940978268835618969e-01
7.940436255159550871e-01
7.939901738968551115e-01
7.939374364306173160e-01
7.938853838506472194e-01
7.938339991594050016e-01
7.937833119415145244e-01
7.937333024753285837e-01
7.936839508769346629e-01
7.936352328151882185e-01
7.935871226736690431e-01
7.935395926538874045e-01
7.934926206618476696e-01
7.934461874687166461e-01
7.934002727462405868e-01
7.933548683422910752e-01
7.933100112856471542e-01
7.932656923180363417e-01
7.932218967536410759e-01
7.931786003206936497e-01
7.931357809602643805e-01
7.930934197818846343e-01
7.930514971122671897e-01
7.930099971240862633e-01
7.929689028520033878e-01
7.929282026721892196e-01
7.928879300278101061e-01
7.928480815016655248e-01
7.928086343340209341e-01
7.927695830361730644e-01
7.927309149517625109e-01
7.926926160267238064e-01
7.926546670363787683e-01
7.926170552194854446e-01
7.925775699037629352e-01
7.925122520681634475e-01
7.924481516449495277e-01
7.923853700835038483e-01
7.923238595153431207e-01
7.922635796196200175e-01
7.922044972350289482e-01
7.921465710781689928e-01
7.920897645911851859e-01
7.920340413744115793e-01
7.919793633871454741e-01
7.919256943780386138e-01
7.918729966257144204e-01
7.918212431486464364e-01
7.917704410698273021e-01
7.917205590864577758e-01
7.916715649807739563e-01
7.916234421340465621e-01
7.915761673742914839e-01
7.915297151900967387e-01
7.914840608896068774e-01
7.914391761885393173e-01
7.913950356538977937e-01
7.913516164028753241e-01
7.913088928536070599e-01
7.912668440497371281e-01
7.912254827672008384e-01
7.911847930733431067e-01
7.911447527215313968e-01
7.911053438181194775e-01
7.910665559928262702e-01
7.910283683655692233e-01
7.909907608782231758e-01
7.909537178145171765e-01
7.909172234647152688e-01
7.908812607841773090e-01
7.908458166440014425e-01
7.908108733893763898e-01
7.907764128381137292e-01
7.907424358100593187e-01
7.907089502474241582e-01
7.906759407651489102e-01
7.906433891290773897e-01
7.906112733409075277e-01
7.905786423176934807e-01
7.905190579319525401e-01
7.904605860389699590e-01
7.904034682055988137e-01
7.903476604582936327e-01
7.902931221392092143e-01
7.902398137361118513e-01
7.901876934124810736e-01
7.901367211751175734e-01
7.900868565626523177e-01
7.900380628114698212e-01
7.899903299796388056e-01
7.899436297802133744e-01
7.898979276923669968e-01
7.898531917904847433e-01
7.898093986285787960e-01
7.897665294747623355e-01
7.897245565587527327e-01
7.896834549024454031e-01
7.896431983678242617e-01
7.896037566304863198e-01
7.895651007926463016e-01
7.895272035283060763e-01
7.894900404669858984e-01
7.894535912712816739e-01
7.894178387404545694e-01
7.893827634664852821e-01
7.893483455759419121e-01
7.893145672186082651e-01
7.892814127062054430e-01
7.892488826045364059e-01
7.892169622734881429e-01
7.891856339015983490e-01
7.891548807072643612e-01
7.891246877013844419e-01
7.890950494366002488e-01
7.890659494593544876e-01
7.890373716343260790e-01
7.890092979585746624e-01
7.889817115492206989e-01
7.889545994413922347e-01
7.889279485590338092e-01
7.889017482386148084e-01
7.888759887656001668e-01
7.888506592434049169e-01
7.888257519765495829e-01
7.888012576213838667e-01
7.887771612872187532e-01
7.887534518832148844e-01
7.887301098229347884e-01
7.887071180123640390e-01
7.886844661060407047e-01
7.886621451416763184e-01
7.886401477468951704e-01
7.886184816332372227e-01
7.885971476033754035e-01
7.885761341896937449e-01
7.885275201820818314e-01
7.884794156297544321e-01
7.884326009906698074e-01
7.883870385726795549e-01
7.883426905935146944e-01
7.882995180018957937e-01
7.882574822133029402e-01
7.882165451367001419e-01
7.881766657629803996e-01
7.881378083978898275e-01
7.880999413163735090e-01
7.880630334415388294e-01
7.880270554697287322e-01
7.879919803728983041e-01
7.879577831810293809e-01
7.879244414009026753e-01
7.878919331602675102e-01
7.878602257748937854e-01
7.878292917069893431e-01
7.877991097683478827e-01
7.877696544451079363e-01
7.877409014122493947e-01
7.877128284504696376e-01
7.876854147368480552e-01
7.876586400355306550e-01
7.876324857884478003e-01
7.876069333118059790e-01
7.875819622617505900e-01
7.875575663005953686e-01
7.875337384582616895e-01
7.875104659121123785e-01
7.874877462118197169e-01
7.874655755611584818e-01
7.874439474588577070e-01
7.874228519577426422e-01
7.874022720409826759e-01
7.873821861611287609e-01
7.873625758124741525e-01
7.873434253277721284e-01
7.873247198453857676e-01
7.873064457657396042e-01
7.872885910493157002e-01
7.872711443664028863e-01
7.872540961316947250e-01
7.872374385205549441e-01
7.872211611419051014e-01
7.872052577264723183e-01
7.871897263011016221e-01
7.871745691917342302e-01
7.871597916043789889e-01
7.871453870707201261e-01
7.871313448711539928e-01
7.871176539075372958e-01
7.871043014480341160e-01
7.870912714652679165e-01
7.870785515284660638e-01
7.870661307742102819e-01
7.870539994138809892e-01
7.870421471874928798e-01
7.870305648687344613e-01
7.870192451857285221e-01
7.870081800484348689e-01
7.869973587348513266e-01
7.869867704006080489e-01
7.869764128389340474e-01
7.869665300958212928e-01
7.869572428940687647e-01
7.869485250401010434e-01
7.869403540682432530e-01
7.869327126363494518e-01
7.869255840425821713e-01
7.869189479924242336e-01
7.869127873031436238e-01
7.869070881184913047e-01
7.869018430928623742e-01
7.868971198846851367e-01
7.868929485096464171e-01
7.868893325535440963e-01
7.868862821776388961e-01
7.868838088109926243e-01
7.868819185261702875e-01
7.868805996064813790e-01
7.868798328183141955e-01
7.868796009571519257e-01
7.868799003300599448e-01
7.868807892765073975e-01
7.868822798960309894e-01
7.868843605775451833e-01
7.868870232207660909e-01
7.868902602121153889e-01
7.868940630463403529e-01
7.868984260074576298e-01
7.869033488714477498e-01
7.869088353514746004e-01
7.869149041883202189e-01
7.869216186813368097e-01
7.869289891185070607e-01
7.869369985622851615e-01
7.869456312028826339e-01
7.869548722403332253e-01
7.869647064196243491e-01
7.869751208898531081e-01
7.869861030766410748e-01
7.869976438833692356e-01
7.870097779469881205e-01
7.870225458895222514e-01
7.870359498512915497e-01
7.870499809205507846e-01
7.870646305800447218e-01
7.870798917676199435e-01
7.870957571447450007e-01
7.871122122995820591e-01
7.871292392639656077e-01
7.871468371438505862e-01
7.871650383994158728e-01
7.871838644249035122e-01
7.872033056465146394e-01
7.872233339094916182e-01
7.872439249564711083e-01
7.872650676073147391e-01
7.872867524845588161e-01
7.873089710813462316e-01
7.873317094519409753e-01
7.873549865761380051e-01
7.873788261840218849e-01
7.874032497148591991e-01
7.874282430834579349e-01
7.874537878503526933e-01
7.874798677381472656e-01
7.875064695166812401e-01
7.875335801407488123e-01
7.875611884440164578e-01
7.875892821895481566e-01
7.876178869515606529e-01
7.876470084959648066e-01
7.876766620879658287e-01
7.877068362317990458e-01
7.877375187212354302e-01
7.877686985352436722e-01
7.878003644356587065e-01
7.878325013546063627e-01
7.878650925849767228e-01
7.878981407583433016e-01
7.879316805370339960e-01
7.879657064222186369e-01
7.880002289594753018e-01
7.880352329859716676e-01
7.880707031377630623e-01
7.881066246055021818e-01
7.881429835582121068e-01
7.881797677096546995e-01
7.882169632769246981e-01
7.882545758103894906e-01
7.882926263062466354e-01
7.883311028533033227e-01
7.883700107921576272e-01
7.884093313030560157e-01
7.884490461678251849e-01
7.884891379301484093e-01
7.885295909608273091e-01
7.885703907187628925e-01
7.886337903179229114e-01
7.887031811133500270e-01
7.887719364484869766e-01
7.888400778338178210e-01
7.889076467669147164e-01
7.889746666972503597e-01
7.890411531705272541e-01
7.891071203162834946e-01
7.891725788995734847e-01
7.892375401333826535e-01
7.893020136045737489e-01
7.893660101025451459e-01
7.894295772480932616e-01
7.894927327742626844e-01
7.895554883604916085e-01
7.896178716827246813e-01
7.896798912904514633e-01
7.897415532876178590e-01
7.898028618326732309e-01
7.898638181462349639e-01
7.899244235777587164e-01
7.899846777129516662e-01
7.900445832347036124e-01
7.901041761032705502e-01
7.901634685537217706e-01
7.902224607363675934e-01
7.902811661049421454e-01
7.903395893515297033e-01
7.903977269449293797e-01
7.904555790861589326e-01
7.905131447354089014e-01
7.905704198807000926e-01
7.906496107156084641e-01
7.907341391566413691e-01
7.908173707668462171e-01
7.908993700367500379e-01
7.909801772610137727e-01
7.910598184454061821e-01
7.911383262089219937e-01
7.912157359367731901e-01
7.912920716476615768e-01
7.913673564728749277e-01
7.914416120844725011e-01
7.915148582371345221e-01
7.915871125607958358e-01
7.916583891266857353e-01
7.917287022367439642e-01
7.917980665184254363e-01
7.918665136556009010e-01
7.919340833158738935e-01
7.920007872135402804e-01
7.920666374742240112e-01
7.921316513985494634e-01
7.921958460394881163e-01
7.923187015818298207e-01
